0_channel,1_channel,2_channel,3_channel,4_channel,5_channel,6_channel,7_channel,8_channel,9_channel,10_channel,11_channel,12_channel,13_channel,14_channel,15_channel,16_channel,17_channel,18_channel,19_channel,20_channel,21_channel,22_channel,23_channel,24_channel,25_channel,26_channel,27_channel
1.3120160226144741,1.6725104791869785,2.5802687362286325,5.690450100735267,6.472561686870059,20.586545447297397,0.2701010087825054,1.2133412926950953,0.0,0.0,0.0,0.0,0.0,0.08628397844504639,0.0,0.0,0.0,0.0,0.0,0.0,0.0,0.0,0.0,0.0,0.0,0.0,0.0,0.0
1.801070038395052,2.3645541937457906,3.479750834578446,6.098448839080478,8.226314414708856,23.044554405296445,0.3248460827576011,0.0,0.0,0.0,0.0,0.0,0.0,0.0298965012030822,0.0,0.0,0.0,0.0,0.0,0.0,0.0,0.0,0.0,0.0,0.0,0.0,0.0,0.0
3.0906812337893537,4.034021180851937,6.043924340810807,11.267736126913169,14.5146378266315,42.18019157003901,0.5868404627069943,0.0,0.0,0.0,0.0,0.0,0.0,0.0814968258409209,0.0,0.0,0.0,0.0,0.0,0.0,0.0,0.0,0.0,0.0,0.0,0.0,0.0,0.0
2.7545903250329986,3.6618029592996635,5.5961375608692885,11.018199851607898,13.599413999245945,40.79676444556061,0.5544832613994911,0.8187975196971945,0.0,0.0,0.0,0.0,0.0,0.12518248837236898,0.0,0.0,0.0,0.0,0.0,0.0,0.0,0.0,0.0,0.0,0.0,0.0,0.0,0.0
1.3695125044894207,1.7911877762405493,2.626364255065346,4.635703359949493,6.176362035508959,17.37124937382958,0.24552792505049983,0.0,0.0,0.0,0.0,0.0,0.0,0.01862313723128064,0.0,0.0,0.0,0.0,0.0,0.0,0.0,0.0,0.0,0.0,0.0,0.0,0.0,0.0
3.2429973197779307,4.125107059443697,6.598957101238142,16.072419891357086,16.80029479395744,58.61527288117862,0.7128164313547689,10.538232571629997,0.0,0.0,0.0,0.0,0.0,0.35438349895600757,0.0,0.0,0.0,0.0,0.0,0.0,0.0,0.0,0.0,0.0,0.0,0.0,0.0,0.0
0.7780128605087201,1.0082152031199703,1.5710521291945312,3.362802199421965,3.9058271667810573,12.403079407748677,0.16179829067067783,0.8063577503078196,0.0,0.0,0.0,0.0,0.0,0.05080794496092985,0.0,0.0,0.0,0.0,0.0,0.0,0.0,0.0,0.0,0.0,0.0,0.0,0.0,0.0
1.0301460307667782,1.3313602466425345,2.135384255445465,5.013596672799255,5.367890096090773,18.465115353681313,0.226255760991183,2.750300507971041,0.0,0.0,0.0,0.0,0.0,0.10227954821493396,0.0,0.0,0.0,0.0,0.0,0.0,0.0,0.0,0.0,0.0,0.0,0.0,0.0,0.0
2.6142664229590324,3.4530464240772654,5.21287836025059,9.956638395041825,12.585551434598335,36.22703473635275,0.5066797953773565,0.0,0.0,0.0,0.0,0.0,0.0,0.08471876915772847,0.0,0.0,0.0,0.0,0.0,0.0,0.0,0.0,0.0,0.0,0.0,0.0,0.0,0.0
0.91476497149218,1.192367638014803,1.8169488579384412,3.6025977899685535,4.442685682336854,13.321578998096502,0.1807559612578123,0.12738515252803614,0.0,0.0,0.0,0.0,0.0,0.03799323374454364,0.0,0.0,0.0,0.0,0.0,0.0,0.0,0.0,0.0,0.0,0.0,0.0,0.0,0.0
1.0845559283490855,1.432159089070546,2.1806541470309444,4.405956949460893,5.359919775366859,16.12427324605301,0.21964936209550992,0.39273944440962455,0.0,0.0,0.0,0.0,0.0,0.05289280798065459,0.0,0.0,0.0,0.0,0.0,0.0,0.0,0.0,0.0,0.0,0.0,0.0,0.0,0.0
1.0466508236252037,1.3604970611836014,2.08022204931511,4.28650313353905,5.1219762281782355,15.483270909245912,0.21023329082728356,0.35086372780217456,0.0,0.0,0.0,0.0,0.0,0.05180434696690617,0.0,0.0,0.0,0.0,0.0,0.0,0.0,0.0,0.0,0.0,0.0,0.0,0.0,0.0
1.8530583778103207,2.431772812171922,3.8717682383129817,8.765561567482168,9.698661128092375,32.576097497624986,0.40787541858279186,4.3633732283264015,0.0,0.0,0.0,0.0,0.0,0.1696241996795248,0.0,0.0,0.0,0.0,0.0,0.0,0.0,0.0,0.0,0.0,0.0,0.0,0.0,0.0
1.0877970548169253,1.430884551504365,2.209957244834081,4.533002048535879,5.451682154755985,16.818323177690445,0.2238016835234679,0.6698186970100416,0.0,0.0,0.0,0.0,0.0,0.0608771290402334,0.0,0.0,0.0,0.0,0.0,0.0,0.0,0.0,0.0,0.0,0.0,0.0,0.0,0.0
1.6059382294848454,2.1248132911795854,3.196397059354712,5.985078280633918,7.665029482158655,22.380730947141238,0.3088493977542123,0.0,0.0,0.0,0.0,0.0,0.0,0.050587979697727846,0.0,0.0,0.0,0.0,0.0,0.0,0.0,0.0,0.0,0.0,0.0,0.0,0.0,0.0
2.0244517094969607,2.634765965658693,4.092625710452717,8.685368914275346,10.163791191737111,32.47107645175246,0.4211677868460247,1.740409218420944,0.0,0.0,0.0,0.0,0.0,0.12636929046765863,0.0,0.0,0.0,0.0,0.0,0.0,0.0,0.0,0.0,0.0,0.0,0.0,0.0,0.0
2.0647877009239592,2.719064754630606,4.148869374487176,8.200956285944562,10.14794886444363,30.748360064048946,0.4135262616414705,0.30343398996978344,0.0,0.0,0.0,0.0,0.0,0.09333229378228798,0.0,0.0,0.0,0.0,0.0,0.0,0.0,0.0,0.0,0.0,0.0,0.0,0.0,0.0
0.7951056436511136,1.053259559390162,1.568956278462993,2.838136511191206,3.7424790589431596,10.735568477210293,0.1492946049652272,0.0,0.0,0.0,0.0,0.0,0.0,0.019397710156224383,0.0,0.0,0.0,0.0,0.0,0.0,0.0,0.0,0.0,0.0,0.0,0.0,0.0,0.0
1.908246217623622,2.456114116076218,3.7631813410300214,7.816303742862097,9.336707231434945,28.745795491005108,0.3832965240168378,0.8286842903056454,0.0,0.0,0.0,0.0,0.0,0.09716750434633994,0.0,0.0,0.0,0.0,0.0,0.0,0.0,0.0,0.0,0.0,0.0,0.0,0.0,0.0
2.3792438453412905,3.10735344440559,4.620060836496363,8.431072989623456,11.061590508346935,31.901288816123316,0.441803664351954,0.0,0.0,0.0,0.0,0.0,0.0,0.05130366122141121,0.0,0.0,0.0,0.0,0.0,0.0,0.0,0.0,0.0,0.0,0.0,0.0,0.0,0.0
0.9359400544694212,1.2062060865856745,1.862822316441323,3.9026328167102635,4.616718363471509,14.473054891333685,0.19055633262496757,0.5167542416911501,0.0,0.0,0.0,0.0,0.0,0.05257497549544634,0.0,0.0,0.0,0.0,0.0,0.0,0.0,0.0,0.0,0.0,0.0,0.0,0.0,0.0
1.8482748605832002,2.3498513579878963,3.593509214948021,7.807294583152205,9.000203402934483,28.311568425634306,0.3728787400820159,0.9840770958773463,0.0,0.0,0.0,0.0,0.0,0.10682566095062747,0.0,0.0,0.0,0.0,0.0,0.0,0.0,0.0,0.0,0.0,0.0,0.0,0.0,0.0
1.6061336391404606,2.0591295197387165,3.1571391107296845,6.6458868317638995,7.861435769508721,24.105766897373254,0.32563036566848796,0.8940698933751248,0.0,0.0,0.0,0.0,0.0,0.08958959549519771,0.0,0.0,0.0,0.0,0.0,0.0,0.0,0.0,0.0,0.0,0.0,0.0,0.0,0.0
2.2522370534641025,2.9105472626794815,4.229522611474813,7.122081477824801,9.824631953584584,26.635398140541305,0.38948798517858446,0.0,0.0,0.0,0.0,0.0,0.0,0.018041054058334227,0.0,0.0,0.0,0.0,0.0,0.0,0.0,0.0,0.0,0.0,0.0,0.0,0.0,0.0
1.2414375823196442,1.6149738448438884,2.4650135520304737,5.068656700986933,6.076233132193423,18.25287904385145,0.24905675704212457,0.35214216959818956,0.0,0.0,0.0,0.0,0.0,0.057656829299276874,0.0,0.0,0.0,0.0,0.0,0.0,0.0,0.0,0.0,0.0,0.0,0.0,0.0,0.0
0.3853045097816131,0.515277628018901,0.7939947976705339,1.6049384563203413,1.9340430586523527,5.919776043366045,0.07900072905642062,0.24951856151175175,0.0,0.0,0.0,0.0,0.0,0.02056886016678025,0.0,0.0,0.0,0.0,0.0,0.0,0.0,0.0,0.0,0.0,0.0,0.0,0.0,0.0
2.4890400106205055,3.245486909527109,4.732167005302028,8.22179821775879,11.120909500951067,29.95044542458191,0.43942280548646107,0.0,0.0,0.0,0.0,0.0,0.0,0.025069555550445443,0.0,0.0,0.0,0.0,0.0,0.0,0.0,0.0,0.0,0.0,0.0,0.0,0.0,0.0
1.703841597572712,2.2259010088782722,3.3958756912421513,6.805593999096065,8.325184535230008,25.523974412354516,0.3412647330029913,0.3163374444419285,0.0,0.0,0.0,0.0,0.0,0.07641986726320013,0.0,0.0,0.0,0.0,0.0,0.0,0.0,0.0,0.0,0.0,0.0,0.0,0.0,0.0
1.9992286384394333,2.618526513769633,3.883207003137204,6.962419226374842,9.249319514764412,25.83663570195611,0.3675641605229671,0.0,0.0,0.0,0.0,0.0,0.0,0.03941289420132626,0.0,0.0,0.0,0.0,0.0,0.0,0.0,0.0,0.0,0.0,0.0,0.0,0.0,0.0
1.9636980728660698,2.5176232535367906,3.8925595330977933,8.251276217779843,9.657546432835888,30.730946047827096,0.4003045965051315,1.2503672814188178,0.0,0.0,0.0,0.0,0.0,0.11304464026250546,0.0,0.0,0.0,0.0,0.0,0.0,0.0,0.0,0.0,0.0,0.0,0.0,0.0,0.0
1.4275896601844698,1.878944292607783,2.801568919392077,5.131867078698934,6.687897352294276,19.3790632119193,0.26793261030603543,0.0,0.0,0.0,0.0,0.0,0.0,0.035041940200682985,0.0,0.0,0.0,0.0,0.0,0.0,0.0,0.0,0.0,0.0,0.0,0.0,0.0,0.0
1.2931473404378966,1.6629097100577819,2.5769233386394172,5.582900809415172,6.442860262515665,20.645616677806807,0.2687006416944368,1.4184011064644046,0.0,0.0,0.0,0.0,0.0,0.08700548782644688,0.0,0.0,0.0,0.0,0.0,0.0,0.0,0.0,0.0,0.0,0.0,0.0,0.0,0.0
0.7018073519573046,0.9038250709279426,1.439180519314383,3.404965273162041,3.628809987880339,12.310829243532831,0.15308850457460493,1.7294852693999194,0.0,0.0,0.0,0.0,0.0,0.06781885546227519,0.0,0.0,0.0,0.0,0.0,0.0,0.0,0.0,0.0,0.0,0.0,0.0,0.0,0.0
2.3541224506218335,3.072151206962443,4.617628729317165,8.65555862348823,11.086250049701636,31.93846116294104,0.4494011806222857,0.0,0.0,0.0,0.0,0.0,0.0,0.0696692760368305,0.0,0.0,0.0,0.0,0.0,0.0,0.0,0.0,0.0,0.0,0.0,0.0,0.0,0.0
0.7996378756482243,1.0340841464608255,1.6020398618611702,3.399606290970653,3.981806282549172,12.68726491339596,0.1646827305423826,0.6344610996962532,0.0,0.0,0.0,0.0,0.0,0.049657597902897095,0.0,0.0,0.0,0.0,0.0,0.0,0.0,0.0,0.0,0.0,0.0,0.0,0.0,0.0
1.3530163971013336,1.7852030303321904,2.6584404363583967,4.806296022734179,6.356077152701422,17.972362005656784,0.25248536008859795,0.0,0.0,0.0,0.0,0.0,0.0,0.030062146010924808,0.0,0.0,0.0,0.0,0.0,0.0,0.0,0.0,0.0,0.0,0.0,0.0,0.0,0.0
2.8043852851592463,3.6900520339282745,5.605135468400561,10.798389367322073,13.625138731303508,41.100732879217595,0.5536839338544671,0.32197116563540956,0.0,0.0,0.0,0.0,0.0,0.1117856884865814,0.0,0.0,0.0,0.0,0.0,0.0,0.0,0.0,0.0,0.0,0.0,0.0,0.0,0.0
1.3452695860816977,1.7559709663364884,2.772666634071384,6.2913968296041825,6.939194517520916,22.635253702661505,0.2891695216307885,2.5989139604901026,0.0,0.0,0.0,0.0,0.0,0.11220813667114839,0.0,0.0,0.0,0.0,0.0,0.0,0.0,0.0,0.0,0.0,0.0,0.0,0.0,0.0
0.7850308564699128,1.0213822060432942,1.5808734429203481,3.3007042381313547,3.907469715875387,12.387066883955075,0.16130993125759427,0.6493702554437759,0.0,0.0,0.0,0.0,0.0,0.04588192436330121,0.0,0.0,0.0,0.0,0.0,0.0,0.0,0.0,0.0,0.0,0.0,0.0,0.0,0.0
1.266351197516309,1.665591740934303,2.5278350683821316,4.9128853976308475,6.124439318301892,18.237363665497917,0.24834554450416602,0.014003623517154005,0.0,0.0,0.0,0.0,0.0,0.04806373607845219,0.0,0.0,0.0,0.0,0.0,0.0,0.0,0.0,0.0,0.0,0.0,0.0,0.0,0.0
1.7108042147336455,2.2407735597610468,3.5617674930835332,8.00011328286898,8.896154701486488,29.469664670630106,0.37253763049356986,3.250013815007197,0.0,0.0,0.0,0.0,0.0,0.14646979504179475,0.0,0.0,0.0,0.0,0.0,0.0,0.0,0.0,0.0,0.0,0.0,0.0,0.0,0.0
1.5942018497745911,2.075087871550749,3.228914485768912,6.926685904367259,7.995982387506458,25.437296622767292,0.3311738202676476,1.6743698426566496,0.0,0.0,0.0,0.0,0.0,0.10216344587779622,0.0,0.0,0.0,0.0,0.0,0.0,0.0,0.0,0.0,0.0,0.0,0.0,0.0,0.0
0.44096709465866973,0.5784268237495291,0.8894022106121613,1.761490374539923,2.182734088127847,6.600756258205642,0.08913868825083324,0.1928318125060807,0.0,0.0,0.0,0.0,0.0,0.02188307410403826,0.0,0.0,0.0,0.0,0.0,0.0,0.0,0.0,0.0,0.0,0.0,0.0,0.0,0.0
2.105519561891578,2.7638704724122998,4.253601587746289,8.599456993283686,10.411824801367857,31.620821894114528,0.42678532320336193,1.0035346279710629,0.0,0.0,0.0,0.0,0.0,0.10617065737274083,0.0,0.0,0.0,0.0,0.0,0.0,0.0,0.0,0.0,0.0,0.0,0.0,0.0,0.0
2.9490297635704574,3.8337720055918805,5.679760190618172,10.244519842650972,13.563393530636528,38.4869131563464,0.5346819785681108,0.0,0.0,0.0,0.0,0.0,0.0,0.05650243859879092,0.0,0.0,0.0,0.0,0.0,0.0,0.0,0.0,0.0,0.0,0.0,0.0,0.0,0.0
1.5310925813864484,2.0111115457548308,3.147175689391998,6.69059873262336,7.777461254431061,24.682807043669577,0.3210436960068375,1.5056239670141325,0.0,0.0,0.0,0.0,0.0,0.10184149851726716,0.0,0.0,0.0,0.0,0.0,0.0,0.0,0.0,0.0,0.0,0.0,0.0,0.0,0.0
0.6450881961241591,0.8465995314951779,1.2813443846836985,2.451647703677242,3.112249126113337,9.067121959351077,0.12539707374588793,0.0,0.0,0.0,0.0,0.0,0.0,0.02287611715641098,0.0,0.0,0.0,0.0,0.0,0.0,0.0,0.0,0.0,0.0,0.0,0.0,0.0,0.0
1.298583119592321,1.7000664219469503,2.6441960326270224,5.444331845567973,6.516300036011863,20.452253515883545,0.26927689750631895,0.9317935326816111,0.0,0.0,0.0,0.0,0.0,0.07733442810107001,0.0,0.0,0.0,0.0,0.0,0.0,0.0,0.0,0.0,0.0,0.0,0.0,0.0,0.0
1.8034811801418396,2.3074461904547947,3.6438385959836217,8.51576460902811,9.19990472286512,30.709588566272018,0.3874682480851471,3.82816990712461,0.0,0.0,0.0,0.0,0.0,0.16286372809349955,0.0,0.0,0.0,0.0,0.0,0.0,0.0,0.0,0.0,0.0,0.0,0.0,0.0,0.0
2.706096562032833,3.5535628201745264,5.380017990324686,10.198132653568003,12.976666266065429,38.04225630776381,0.5256927001155561,0.0,0.0,0.0,0.0,0.0,0.0,0.09475223702837322,0.0,0.0,0.0,0.0,0.0,0.0,0.0,0.0,0.0,0.0,0.0,0.0,0.0,0.0
2.2869090654436914,2.993310427182308,4.598060702631364,9.348943104827153,11.311515196592193,34.5750219334069,0.4640231393360736,0.8602368971715249,0.0,0.0,0.0,0.0,0.0,0.11733700955796289,0.0,0.0,0.0,0.0,0.0,0.0,0.0,0.0,0.0,0.0,0.0,0.0,0.0,0.0
2.2899460395000073,3.0509079323477524,4.733498871197992,9.672996260589807,11.624398535425941,36.0098167326739,0.47665632819760767,1.5090657543503032,0.0,0.0,0.0,0.0,0.0,0.13619775051057917,0.0,0.0,0.0,0.0,0.0,0.0,0.0,0.0,0.0,0.0,0.0,0.0,0.0,0.0
1.2542199284531907,1.6278873108110796,2.4397410071678274,4.529106700618299,5.855800593170015,17.418930409713198,0.234894122788976,0.0,0.0,0.0,0.0,0.0,0.0,0.03295776313127081,0.0,0.0,0.0,0.0,0.0,0.0,0.0,0.0,0.0,0.0,0.0,0.0,0.0,0.0
0.8611198194986712,1.0964301571868214,1.6600279905494897,3.383416000815769,4.097856942597364,12.545432219874966,0.1683373228024987,0.05429769893998032,0.0,0.0,0.0,0.0,0.0,0.0345370149590266,0.0,0.0,0.0,0.0,0.0,0.0,0.0,0.0,0.0,0.0,0.0,0.0,0.0,0.0
0.8676671293802186,1.1408326050966784,1.6900541304618795,3.0667321463974027,4.017828633912136,11.410954782776365,0.16061065879542316,0.0,0.0,0.0,0.0,0.0,0.0,0.02004316376907339,0.0,0.0,0.0,0.0,0.0,0.0,0.0,0.0,0.0,0.0,0.0,0.0,0.0,0.0
1.2311007973809578,1.6022740995944131,2.3801166746065636,4.3665125006887875,5.688269562621058,16.301749035321045,0.22687892116437136,0.0,0.0,0.0,0.0,0.0,0.0,0.02457794655996898,0.0,0.0,0.0,0.0,0.0,0.0,0.0,0.0,0.0,0.0,0.0,0.0,0.0,0.0
2.4865553435698975,3.2548494744258765,4.902783077164843,9.313623031757428,11.849553529104785,34.627937070347535,0.4767100200893971,0.0,0.0,0.0,0.0,0.0,0.0,0.07601210002852164,0.0,0.0,0.0,0.0,0.0,0.0,0.0,0.0,0.0,0.0,0.0,0.0,0.0,0.0
0.6151393033255043,0.8020848089252357,1.2282749227379346,2.524271773006968,3.0327690469651656,9.442852319593554,0.1248967141226451,0.23971708961311539,0.0,0.0,0.0,0.0,0.0,0.03142870536661678,0.0,0.0,0.0,0.0,0.0,0.0,0.0,0.0,0.0,0.0,0.0,0.0,0.0,0.0
0.6539584410877068,0.8418631656632701,1.3120473739286806,2.878832960998877,3.2777669928469204,10.337093897607003,0.13620372671860165,0.7435296520786544,0.0,0.0,0.0,0.0,0.0,0.04419851284210839,0.0,0.0,0.0,0.0,0.0,0.0,0.0,0.0,0.0,0.0,0.0,0.0,0.0,0.0
2.1953821385243435,2.87902241435567,4.427193757809801,8.975668910106881,10.860297092106473,33.70621548118953,0.4457454513084094,1.0125880446248805,0.0,0.0,0.0,0.0,0.0,0.11329710398856181,0.0,0.0,0.0,0.0,0.0,0.0,0.0,0.0,0.0,0.0,0.0,0.0,0.0,0.0
0.9938292528886584,1.3050428573937618,2.0143159480344197,4.078711185852524,4.95578334251565,15.340670761957195,0.20287991286901405,0.581779336242153,0.0,0.0,0.0,0.0,0.0,0.053369046574865436,0.0,0.0,0.0,0.0,0.0,0.0,0.0,0.0,0.0,0.0,0.0,0.0,0.0,0.0
1.831479612744074,2.361669575322666,3.522449369673844,6.600560230407355,8.540334119083901,24.66325576248414,0.3392799109214641,0.0,0.0,0.0,0.0,0.0,0.0,0.04177686136568288,0.0,0.0,0.0,0.0,0.0,0.0,0.0,0.0,0.0,0.0,0.0,0.0,0.0,0.0
1.4272449730766796,1.8728063838424907,2.8761460801485392,5.8113535304701465,7.0854705324446465,21.742924730751962,0.2899864605581812,0.5800545514088271,0.0,0.0,0.0,0.0,0.0,0.07525185644913039,0.0,0.0,0.0,0.0,0.0,0.0,0.0,0.0,0.0,0.0,0.0,0.0,0.0,0.0
2.0533905582164214,2.6560235725707333,4.13075066627003,8.95834211860051,10.276982735868893,32.01506303671307,0.4276278343585599,2.037120710902262,0.0,0.0,0.0,0.0,0.0,0.13558729309978831,0.0,0.0,0.0,0.0,0.0,0.0,0.0,0.0,0.0,0.0,0.0,0.0,0.0,0.0
2.7533695534380733,3.590944081437135,5.660745023141173,12.757314064382966,14.169435827874048,46.91802809174181,0.5941537977747795,4.948191756454475,0.0,0.0,0.0,0.0,0.0,0.22956910932200386,0.0,0.0,0.0,0.0,0.0,0.0,0.0,0.0,0.0,0.0,0.0,0.0,0.0,0.0
1.6492029578324423,2.171385332556924,3.3982191945810865,7.253574335810535,8.415901380844462,27.19850405025486,0.3487702032895721,1.9054186497185226,0.0,0.0,0.0,0.0,0.0,0.11353641748647839,0.0,0.0,0.0,0.0,0.0,0.0,0.0,0.0,0.0,0.0,0.0,0.0,0.0,0.0
1.2081684833680304,1.5769220670551494,2.5117263429850256,5.817005108621678,6.301745886991529,21.233829882655044,0.2641674962149213,2.847798404662761,0.0,0.0,0.0,0.0,0.0,0.11254917368053965,0.0,0.0,0.0,0.0,0.0,0.0,0.0,0.0,0.0,0.0,0.0,0.0,0.0,0.0
0.9067820778867635,1.1786560855438064,1.7617088373362624,3.288949008036424,4.270077057822054,12.325934849221289,0.17146430856805847,0.0,0.0,0.0,0.0,0.0,0.0,0.0232814514740515,0.0,0.0,0.0,0.0,0.0,0.0,0.0,0.0,0.0,0.0,0.0,0.0,0.0,0.0
1.7208475657800124,2.215971893520616,3.4015889897839164,7.098855239551009,8.414203262056752,26.01598289693074,0.34631446745887634,0.7082511732548067,0.0,0.0,0.0,0.0,0.0,0.0905265314038146,0.0,0.0,0.0,0.0,0.0,0.0,0.0,0.0,0.0,0.0,0.0,0.0,0.0,0.0
1.166335097194651,1.532248292986972,2.3981940834329007,5.109556021416825,5.94683208158173,19.170825033595253,0.247370125962962,1.3758407957031138,0.0,0.0,0.0,0.0,0.0,0.0819782904763994,0.0,0.0,0.0,0.0,0.0,0.0,0.0,0.0,0.0,0.0,0.0,0.0,0.0,0.0
2.520895001370035,3.248923558501713,5.1165452529652375,11.53560601110457,12.817844256167882,42.51794525668922,0.5379024205921406,4.697694491544908,0.0,0.0,0.0,0.0,0.0,0.20820690123661287,0.0,0.0,0.0,0.0,0.0,0.0,0.0,0.0,0.0,0.0,0.0,0.0,0.0,0.0
1.0761607057818596,1.406392902941301,2.1874878787240295,4.643895949262044,5.421271142101093,17.538429769725052,0.22380806418642765,1.0445829773165072,0.0,0.0,0.0,0.0,0.0,0.06861683005127446,0.0,0.0,0.0,0.0,0.0,0.0,0.0,0.0,0.0,0.0,0.0,0.0,0.0,0.0
1.8853704082697809,2.4304650866644315,3.6764705903061135,7.188283737112672,9.001141192075307,26.890524599007215,0.3664606561367195,0.06426872799738455,0.0,0.0,0.0,0.0,0.0,0.07041001640035933,0.0,0.0,0.0,0.0,0.0,0.0,0.0,0.0,0.0,0.0,0.0,0.0,0.0,0.0
0.6034402505388164,0.7878925659130664,1.1701284328057977,2.131263675682273,2.819263509851928,7.99106373498858,0.11197752313469822,0.0,0.0,0.0,0.0,0.0,0.0,0.012979093859880846,0.0,0.0,0.0,0.0,0.0,0.0,0.0,0.0,0.0,0.0,0.0,0.0,0.0,0.0
2.958392739993036,3.851636102214887,5.999600095238857,12.659734413608893,14.853627821099867,46.81862483451854,0.6168343353495457,2.9159981218769313,0.0,0.0,0.0,0.0,0.0,0.18627098902052208,0.0,0.0,0.0,0.0,0.0,0.0,0.0,0.0,0.0,0.0,0.0,0.0,0.0,0.0
2.175636927406002,2.804250002804904,4.2430609291293875,8.58759613434422,10.453052116102926,31.60686025011223,0.42758791523485623,0.2771283440038936,0.0,0.0,0.0,0.0,0.0,0.09277243430453255,0.0,0.0,0.0,0.0,0.0,0.0,0.0,0.0,0.0,0.0,0.0,0.0,0.0,0.0
2.474975853028278,3.2171849616114585,5.005171444410479,10.759797255876146,12.427344651174087,38.99139052001353,0.5132625601271973,2.251070253754691,0.0,0.0,0.0,0.0,0.0,0.1587083746827237,0.0,0.0,0.0,0.0,0.0,0.0,0.0,0.0,0.0,0.0,0.0,0.0,0.0,0.0
1.5234706760699288,2.0014834697587376,3.038013167177404,5.910197339182474,7.3748291724151915,21.93154054782754,0.2983773143806025,0.028326044941668523,0.0,0.0,0.0,0.0,0.0,0.05757105877492962,0.0,0.0,0.0,0.0,0.0,0.0,0.0,0.0,0.0,0.0,0.0,0.0,0.0,0.0
1.8457999340084368,2.398500298588219,3.682320646349733,7.600016599603771,9.113922964353796,28.01486438298031,0.3754024670781953,0.8278437091500098,0.0,0.0,0.0,0.0,0.0,0.0974703039277507,0.0,0.0,0.0,0.0,0.0,0.0,0.0,0.0,0.0,0.0,0.0,0.0,0.0,0.0
1.967826961338656,2.5876734646234607,3.753611664272927,6.390564402023974,8.770325486385842,23.43690686145038,0.3411907311186453,0.0,0.0,0.0,0.0,0.0,0.0,0.018042620402119337,0.0,0.0,0.0,0.0,0.0,0.0,0.0,0.0,0.0,0.0,0.0,0.0,0.0,0.0
2.098643455187429,2.7593943884899703,4.2237170656904315,8.27508377010625,10.321363097743541,31.03924899258186,0.42007578218156877,0.5382071158110454,0.0,0.0,0.0,0.0,0.0,0.09697188796762067,0.0,0.0,0.0,0.0,0.0,0.0,0.0,0.0,0.0,0.0,0.0,0.0,0.0,0.0
1.0396291550641008,1.3569997201082598,2.1720414795243586,5.083110365393057,5.461620222930766,18.91171542246208,0.23105400305210264,3.0155782184967075,0.0,0.0,0.0,0.0,0.0,0.10450258647350491,0.0,0.0,0.0,0.0,0.0,0.0,0.0,0.0,0.0,0.0,0.0,0.0,0.0,0.0
1.0816681031156339,1.4186583625246003,2.2490716430100313,5.0310438303812175,5.617275796607558,18.604633091934634,0.23551957296756199,2.1451095682612094,0.0,0.0,0.0,0.0,0.0,0.09177586188717482,0.0,0.0,0.0,0.0,0.0,0.0,0.0,0.0,0.0,0.0,0.0,0.0,0.0,0.0
2.553527762634265,3.3264170936880184,4.983499460363577,9.405612567714408,12.056772339276415,34.9774613848236,0.4832988094708337,0.0,0.0,0.0,0.0,0.0,0.0,0.06937263710052008,0.0,0.0,0.0,0.0,0.0,0.0,0.0,0.0,0.0,0.0,0.0,0.0,0.0,0.0
0.6983121509473599,0.9005214897604188,1.3809219261639156,2.892719873035475,3.4245199071444916,10.558541477511541,0.14185359277017429,0.42025358362372905,0.0,0.0,0.0,0.0,0.0,0.038477231501886394,0.0,0.0,0.0,0.0,0.0,0.0,0.0,0.0,0.0,0.0,0.0,0.0,0.0,0.0
1.5523381044880362,2.0381475141273944,3.0843213125808586,6.020171680280299,7.508652881954218,22.652750683817636,0.30591115570682487,0.05180472757867564,0.0,0.0,0.0,0.0,0.0,0.06115813592659036,0.0,0.0,0.0,0.0,0.0,0.0,0.0,0.0,0.0,0.0,0.0,0.0,0.0,0.0
1.7303250796927276,2.2389071280604163,3.4687312693447514,7.407656391455824,8.640522067207547,27.400575612616308,0.3578715831525306,1.530686537366739,0.0,0.0,0.0,0.0,0.0,0.11166349668064458,0.0,0.0,0.0,0.0,0.0,0.0,0.0,0.0,0.0,0.0,0.0,0.0,0.0,0.0
0.8889939211078065,1.1711131996689537,1.7131364586311462,2.9051873064513862,4.019573144768535,11.150903443399859,0.15851955308997331,0.0,0.0,0.0,0.0,0.0,0.0,0.011489179326601342,0.0,0.0,0.0,0.0,0.0,0.0,0.0,0.0,0.0,0.0,0.0,0.0,0.0,0.0
2.2049278080103076,2.9312897256280075,4.504194183343306,8.900549491271677,10.94590652419192,33.75475265348283,0.44726914332957357,0.7525937961758586,0.0,0.0,0.0,0.0,0.0,0.10726853693280468,0.0,0.0,0.0,0.0,0.0,0.0,0.0,0.0,0.0,0.0,0.0,0.0,0.0,0.0
1.39689363151347,1.8256522396561368,2.740349563023974,5.193695444112797,6.600304413681268,19.18165506187104,0.2669833298556255,0.0,0.0,0.0,0.0,0.0,0.0,0.04300346989803881,0.0,0.0,0.0,0.0,0.0,0.0,0.0,0.0,0.0,0.0,0.0,0.0,0.0,0.0
1.4817992192690403,1.9355965481319597,3.0114406739999136,6.555319327165064,7.486653704358792,23.664280888048264,0.3105543641535759,1.5770568445781186,0.0,0.0,0.0,0.0,0.0,0.09937428519641602,0.0,0.0,0.0,0.0,0.0,0.0,0.0,0.0,0.0,0.0,0.0,0.0,0.0,0.0
1.3077205695424867,1.7025699243076786,2.4265590827411567,4.038877650698711,5.633743820118853,14.743272261895608,0.2155524275631778,0.0,0.0,0.0,0.0,0.0,0.0,0.0027752632771009395,0.0,0.0,0.0,0.0,0.0,0.0,0.0,0.0,0.0,0.0,0.0,0.0,0.0,0.0
1.7546989825712955,2.1539846810940473,3.1470478645427575,6.492168652103648,7.885146784945091,24.083609372405608,0.3243506490555839,0.0,0.0,0.0,0.0,0.0,0.0,0.05800978279889947,0.0,0.0,0.0,0.0,0.0,0.0,0.0,0.0,0.0,0.0,0.0,0.0,0.0,0.0
2.4087735337180454,3.1235527351332473,4.922400018588125,11.111168064569654,12.364576974518686,40.76667503234542,0.5184277175142189,4.699955626497893,0.0,0.0,0.0,0.0,0.0,0.2032617621024412,0.0,0.0,0.0,0.0,0.0,0.0,0.0,0.0,0.0,0.0,0.0,0.0,0.0,0.0
1.4913922699958218,1.9499961588482024,2.969961733897756,5.885878831146828,7.27637893555625,22.063556309936466,0.29560125213704,0.1893116680811304,0.0,0.0,0.0,0.0,0.0,0.06350119315571041,0.0,0.0,0.0,0.0,0.0,0.0,0.0,0.0,0.0,0.0,0.0,0.0,0.0,0.0
1.2320234053304064,1.5705652890795507,2.4424430503998416,5.443804003092768,6.142885028971186,20.356411046690788,0.25690139360804626,1.7136222079433039,0.0,0.0,0.0,0.0,0.0,0.09244158994110718,0.0,0.0,0.0,0.0,0.0,0.0,0.0,0.0,0.0,0.0,0.0,0.0,0.0,0.0
2.202572672446184,2.9308478990490605,4.628288329515869,9.879197183916924,11.442345712555019,37.01409809563839,0.4740998345631236,3.2973566998415786,0.0,0.0,0.0,0.0,0.0,0.1640048349615191,0.0,0.0,0.0,0.0,0.0,0.0,0.0,0.0,0.0,0.0,0.0,0.0,0.0,0.0
1.4465759987795228,1.8998131673285543,2.963238059657572,6.292672956271699,7.327894113566549,22.973616489379392,0.30288018979176995,1.2126457058514184,0.0,0.0,0.0,0.0,0.0,0.09246458891795106,0.0,0.0,0.0,0.0,0.0,0.0,0.0,0.0,0.0,0.0,0.0,0.0,0.0,0.0
1.746747448170671,2.2615370725033106,3.4963655460431218,7.306025359357343,8.673289125788141,27.447451992583872,0.35871640751263306,1.2442338178093988,0.0,0.0,0.0,0.0,0.0,0.1036346692288698,0.0,0.0,0.0,0.0,0.0,0.0,0.0,0.0,0.0,0.0,0.0,0.0,0.0,0.0
2.1979862988841155,2.8548247641566973,4.248823074295998,7.764170843174823,10.14555129525701,29.221099358079723,0.40355625873663087,0.0,0.0,0.0,0.0,0.0,0.0,0.0449430879464049,0.0,0.0,0.0,0.0,0.0,0.0,0.0,0.0,0.0,0.0,0.0,0.0,0.0,0.0
