rho_m2m1,rho_m3m1,rho_km1,rho_am1,rho_bm1,rho_em1,rho_gm1,rho_m3m2,rho_km2,rho_am2,rho_bm2,rho_em2,rho_gm2,rho_km3,rho_am3,rho_bm3,rho_em3,rho_gm3,rho_ak,rho_bk,rho_ek,rho_gk,rho_ba,rho_ea,rho_ga,rho_eb,rho_gb,rho_ge
0.01689362627961007,-0.006093989567360272,-0.4445406946076039,0.0528511156577911,-0.142632211783667,-0.05696429551986985,-0.5684916014795656,0.013556545207072694,0.1182402432925809,0.07135703269613286,0.03147952055777876,0.7574385237263012,-0.6905108386923757,0.0018580837446444608,-9.222449580866676e-06,0.0001379859399945526,-0.0006203699816523399,-0.0007356244547563784,-0.031907601404186685,0.16691460658732316,0.25023098765299556,-0.030011604913875795,0.05643157664506396,0.07119869364830299,-0.36367568399056566,-0.0824365537881358,0.11062221974136814,-0.6454141089635159
0.028842285571001842,-0.002640399715050717,-0.444036206893923,0.05481379633957287,-0.14521688976102437,-0.042903205448915,-0.5673692423663923,0.018295840725031754,0.12000971352736213,0.07757126258651084,0.029673104800942544,0.7660442565638166,-0.7025782372178435,0.0003851660393879773,0.005593162107044958,-0.004031745340012243,0.009646850723681726,-0.011525745069280738,-0.03483584261003681,0.17023349999453083,0.250530824134954,-0.0337318214101347,0.050933050372466294,0.07505431982874675,-0.3628277630941246,-0.07883930283919229,0.11013860861691921,-0.6608780335666373
0.015231860548079101,0.0015608598286894228,-0.44216623986401093,0.05366973053888624,-0.14357820453841535,-0.04981308781071748,-0.5593448783120403,-0.0014224694468901854,0.13038915474773471,0.07594206398362895,0.030430199817089998,0.7657872306602095,-0.699601343157768,-0.0009916984263346781,0.00016925086133388656,-0.000348219621234157,-0.00034570897623515664,0.0004124705116613254,-0.0318416302635642,0.16658298268673302,0.2576685641557394,-0.04317793131573047,0.055794537474783454,0.0762113781651179,-0.36333058553800607,-0.07991877132407141,0.10951351994098997,-0.6613752744219257
0.009880388990524678,-0.0001616039348473549,-0.4457460660041464,0.05097708059180465,-0.14471332012456073,-0.054869576245827514,-0.5686858238947784,0.03533721473486544,0.11537160787090658,0.07955080304856242,0.04054976799128156,0.7511760120233261,-0.6838925830395676,0.012559423209667533,-0.0014478808991733713,-0.003376422842778565,0.031952310501108375,-0.02660024359585342,-0.027130550321030636,0.17370542052898405,0.24407794338276348,-0.025932184344872405,0.05343180956216966,0.079788169682532,-0.3712511071234953,-0.07430758236905285,0.10595262757407958,-0.643795002902034
-0.030785270814851936,-0.04372009517836087,-0.44848122257139217,0.03718818154407776,-0.14149432585166868,-0.08302193194772473,-0.542488571419159,-0.09025175936298067,0.13548731152611052,0.06795294413713866,0.031290285855645895,0.7490155662491733,-0.6803176343613677,0.0009535112359713152,-0.014904545452291163,0.001203416733126574,-0.06366597932829703,0.07297890019293941,-0.02712989650862598,0.16515990052119708,0.25974198247767566,-0.043499664204025186,0.06067672709683424,0.06999933463741408,-0.3601067330013649,-0.08378430804724397,0.1099794158489056,-0.6443858846817785
0.026384097242719937,0.005179261430545463,-0.4440935824025071,0.0579515695870302,-0.13811766318935215,-0.03633560830021712,-0.5712384393293045,0.0012336053823028652,0.1225913835761788,0.07606009625894852,0.03538501950491047,0.7687372449971751,-0.6993891163840376,-0.0004339556031636381,-0.0005546051185399356,-0.0005608575312373617,0.0069645730617851846,-0.0038873732299909507,-0.03202886465384921,0.16891389020675615,0.24688869224106583,-0.030287198789320343,0.056896710563189526,0.07988191894712282,-0.36446552893020706,-0.07415427604435981,0.10109454861941193,-0.663590956244953
0.009356259949792915,-0.019756992511080942,-0.4472094105636479,0.05118414701825323,-0.1462685357940917,-0.060763133083513,-0.555337311669453,-0.017118099416569284,0.12271204129771278,0.07202549903095115,0.030841041035597424,0.7635032791566958,-0.6991630299412588,0.0011528123004969583,-0.002228773862913003,-0.0023977624148088486,-0.016928628224161052,0.01956150491767417,-0.03139593831498831,0.16734277745137033,0.25012055578164427,-0.03485494570910067,0.055649521033865744,0.07213417296319556,-0.36187337982684387,-0.08267832329197952,0.11248120888603166,-0.6559563002905606
0.03250654606240823,0.005344728730954334,-0.43633492515968414,0.05454692627908815,-0.13660554044832238,-0.03034679931765742,-0.5787811907048039,-0.027609551783205396,0.12858012450467912,0.06658114011936261,0.044606039652181545,0.7628192656001453,-0.6950483174629409,-0.0025351517499547773,-0.002438283038677822,0.0011791468413303553,-0.011223797020011927,0.011116563413092239,-0.03417131669635314,0.17119329231328034,0.25884099084028905,-0.040022132909260884,0.053199621872957785,0.06322194471151178,-0.3550589394809282,-0.060835529111106935,0.0947412317786381,-0.6579107375231511
0.01237831616819215,0.040325894648834744,-0.44912180133185803,0.05286695272398144,-0.1409822993506428,-0.05949480502159834,-0.5542630418912742,0.03760160046871231,0.1271391099883155,0.07725506941148633,0.03742562443726643,0.7703987123143654,-0.7037441067396654,0.004940552822536734,0.0037974076923261023,-0.0021941688807052126,0.051346849340906484,-0.04570767625621188,-0.030286893404920284,0.16842339068495146,0.25135170140255964,-0.036797204245832285,0.05673665508513565,0.07761881151774441,-0.3636708373513538,-0.07253750184833956,0.1019726878503131,-0.6619855832864
0.017649389865257794,-0.0007413594797223152,-0.4448596992960865,0.05167644502329285,-0.14116337508563553,-0.051066070799162,-0.5651619898253122,-0.01862963658781838,0.11703459204998196,0.07361157577579176,0.028461312784229847,0.761677213144783,-0.6940883166388837,-0.0027553948095356807,-0.0006167418287768545,-0.002404664520990879,-0.014975392548805363,0.014299415773487487,-0.03180431190568217,0.1668472535561995,0.24670345217705544,-0.030061951351848037,0.05527845231061966,0.07362589522286767,-0.36289748549543754,-0.08210258982218907,0.11084606639911115,-0.6541367596041145
0.00596714633490462,0.026493697948967727,-0.4494662624462038,0.05160655649940325,-0.14282284277463636,-0.07287491040039883,-0.7790134548291171,-0.09815467424074913,-0.01944195794676449,-0.006762009957613144,0.00015117733227527162,-0.04572673508878277,0.062111699906891124,-0.016102030964041877,-0.001124479233997527,0.0029931064097680543,0.04471539228638203,-0.011682366091258682,-0.041319593153034455,0.16479274778071998,0.2244944636718514,0.08401635816643346,0.05395810246090817,0.028096609273442083,-0.4317079543455777,-0.15369633250490736,0.17993511602041928,-0.2971959855704116
0.0180337874911874,-0.0021234786232336798,-0.4433433722186177,0.05217352632112048,-0.1425188625093375,-0.04751055327663213,-0.5593764744014056,-0.010639630762843178,0.12774834341153488,0.07656150230791102,0.031497655512569445,0.7677827837251986,-0.7023068830277835,-0.0026048903118292277,-0.0030971480717166115,0.0008224721388944907,-0.017746939211867572,0.011409687789217908,-0.030240321631329083,0.16735423927366003,0.25457363586710036,-0.04090599161233884,0.055442988129440984,0.07717213350186049,-0.36237244573126964,-0.07874452938654238,0.1077831018326219,-0.6632368369609482
0.002864770271857477,-0.8138763248786673,-0.47632462652326396,0.11335856050316723,-0.053025906200950365,0.5962925732848389,-0.8889737054444965,-0.00764517267615388,0.003984763425711683,0.001677341587292555,0.00029455902466837776,0.02301875096083212,-0.0101637789737603,0.27758339869354853,-0.10266898472902897,-0.03765918301192685,-0.7677201888303065,0.6934163496849902,-0.0662701121448057,0.14699441817752912,-0.0707219410036249,0.24602620053027502,0.056258997677432004,0.09682694374003889,-0.38238437334190173,-0.07664534418898959,0.10589809093666153,-0.658619654599675
-0.0046355076248331155,-0.018121896757872267,-0.44999322909376005,0.0522781176643381,-0.14677641707898406,-0.07013237363138712,-0.5560822195982513,-0.030018957068376217,0.125276729913844,0.07396735652301523,0.02804124871282191,0.7575001822789866,-0.6876671202890685,0.011853980141143118,-0.013018779087953297,0.010148724997573548,-0.03115012566072355,0.022805593429165685,-0.027613937342895807,0.16351228025106734,0.25351119332291144,-0.03145900424511961,0.06017110041708568,0.07344390936333801,-0.36908702795314835,-0.0849579092664555,0.11690144511919941,-0.6462919778934249
0.01906520011996035,0.004657929708808064,-0.4395721239836964,0.05292588126651191,-0.14480694677602832,-0.05041568345336614,-0.5622780890074977,0.00012452413619195297,0.1321206602776405,0.07519514937968148,0.03364546403023377,0.7694667668735381,-0.7007503821475994,-0.0008152421571976939,0.00023101687417329737,-9.371569772967382e-05,0.0058289253363151255,-0.004275776665142392,-0.02809593224184927,0.17024564349646593,0.2555484752780431,-0.04395155643743538,0.05523148761815347,0.07601090999457094,-0.3629524730719172,-0.07735288384266353,0.10765518577650877,-0.6590258920767977
0.019862391960110963,-0.0024713465325942444,-0.442722760299129,0.04954387386086224,-0.14023794638965348,-0.04767516962916388,-0.5611243876677581,-0.0018074178212075553,0.12119867837286029,0.07629583962799698,0.029098538317113676,0.7652275301802511,-0.7015310373376201,0.0010928492176424831,-0.002676608837794282,0.002454564542853748,-0.0028517588470718495,0.0040589533841143355,-0.029996998765358846,0.1662012339765089,0.25241851378315316,-0.037892692025722104,0.05672575551631843,0.0731475089602586,-0.36045275363139667,-0.07764769217884625,0.10692128439374578,-0.6597126536173264
0.021141417049516432,-0.004204129898682304,-0.4432065346003932,0.057695289487595634,-0.14422854551244876,-0.026171486729721725,-0.5682125330246789,9.544335800466002e-05,0.13174409940941792,0.07315054972840278,0.032457832588202964,0.7702140581168152,-0.6986217972038603,0.0011723310568036167,0.00036957959084694367,0.00020924135270699305,0.0027240525794010825,-0.000613337292806008,-0.03096739522848726,0.16693768284799304,0.25409421665744836,-0.04041414992636255,0.05726487852213416,0.07271071345172651,-0.3614552602463057,-0.08476500710150796,0.1101220482064682,-0.6701151978682087
-0.012134268795335548,0.017562789563170703,-0.4495339829064252,0.05030955756186311,-0.14514233692430095,-0.11872720809567791,-0.7658938419229432,0.0012208278999463742,0.0022198434313075296,-0.0010927679740853151,-0.0005751789816616726,-0.024689128706272587,0.01757673524584989,-0.0070637445782232265,-0.0006055697671545246,0.0005617352909212538,0.04137408312235608,-0.0190980207498641,-0.0387858775222967,0.16425097146243509,0.23877402371633288,0.07040329618173244,0.05351037506383684,0.022563254540129012,-0.43705048389087237,-0.16335327871652935,0.18536099942177103,-0.2506779494049014
0.004311675824183824,-0.8135079356991984,-0.4685057370681041,0.10910776354193222,-0.0550067944327565,0.5871653709640188,-0.8879091071627164,-0.0013593367914649162,-0.00870874305147345,0.005963776682213343,-0.008019843462071807,0.004013972806167323,-0.004466335893539711,0.2654720804771873,-0.1000181111441608,-0.03279204751553153,-0.764917959907959,0.6965947289721788,-0.058063750529456254,0.14188115554337508,-0.05133018678157216,0.23466902302971587,0.06613977259403883,0.09248965632822066,-0.3790364964837238,-0.07792257883395218,0.10631447119363566,-0.6572110123115834
0.00578560730629947,-0.8127066249254784,-0.46216679710460795,0.10892609910071117,-0.05834981892667264,0.590444895938493,-0.888717176985547,-0.008548487860043402,-0.0013624959631008213,0.0005796139327748423,-0.00023247885910285246,0.002994576472907185,-0.0038499044512182675,0.2548927462940973,-0.09781313542156632,-0.03382589712900749,-0.7669708756507387,0.6970538238707144,-0.06335994128101297,0.15226327010219454,-0.0487194804976973,0.2318787575399379,0.05650588487810833,0.09318156332013922,-0.3773429928924588,-0.07818210832695976,0.10993815441843298,-0.6615439571597336
-0.004308594413143869,-0.8086285659734016,-0.4584563331454366,0.09897034084991357,-0.04840636969389972,0.583088167299834,-0.8845517028822749,0.001992796593321277,0.0014652036151291568,-0.0013143237233524728,0.00044599267459398314,-0.004308710583972816,0.005494659417621368,0.249725809413287,-0.08855249991278379,-0.0425187852296017,-0.7633617787227148,0.6883041491752943,-0.059454907992958474,0.1471073396926204,-0.04104443845491714,0.22260842606898812,0.06005472920182736,0.08656745221240805,-0.3725192296510326,-0.07233665711007052,0.10091099555188575,-0.6555836008525228
0.01900746055373316,-0.006915580318526018,-0.44370840594765104,0.05554615897863077,-0.15021805482941952,-0.04453966462504769,-0.5648125558066464,0.003391438036723159,0.12302816427522839,0.07110418218046397,0.03674660191873263,0.7679568260862524,-0.7004809063878255,0.006249637369820123,0.0071287122053977185,-0.013936461895119594,0.009223999422916273,-0.007134586655974164,-0.035017290879355394,0.17679757035384752,0.24744682304592552,-0.032932312534413054,0.06820526094469927,0.0692419098131111,-0.3589773289457003,-0.07019561082025966,0.10293590435701161,-0.6600278226088747
-0.3975453910237533,-0.4585793817097421,-0.4313319429587454,0.0345205892232404,-0.13189800737709154,0.17223910706232132,-0.7999310948388496,0.9835352941926956,0.06060742889318248,-0.011570745721656922,-0.01404597014431345,-0.466197781854433,0.3392930350583222,0.06816646643420554,-0.018412090811580135,-0.016853438154708515,-0.5531944649100692,0.414358554679981,-0.03451404842658115,0.16512089581032935,0.16539836388896645,0.08248726982447276,0.0525187813123126,0.05265056641395866,-0.3956301738746505,-0.1301705660205681,0.17233989208504968,-0.4543660288522087
0.0017506963214515125,0.02274469372082024,-0.4438572931392133,0.048638607715434636,-0.14449667514555936,-0.06381090090133526,-0.5471178450567766,-0.02297621525320633,0.10579384112196495,0.0947867232201986,0.04909844441352073,0.7725375441593905,-0.7030976346912649,0.018377112035447334,-0.02318507765283566,-0.016387484049665172,-0.012742399871295747,0.004887524731738709,-0.03855208802640175,0.1615899526199635,0.23086175245866025,-0.02234894502393683,0.0632021176956866,0.09397689966036177,-0.3744983832275673,-0.06238081974684256,0.09507894441121639,-0.6631477569019988
0.04142971455778641,0.012204469586207209,-0.4387590668613314,0.04395572335634766,-0.14533194497278543,-0.017531957487488373,-0.5768799731830413,-0.037450159244678864,0.10339299387730343,0.08093684740757076,0.03657858667000079,0.7552277692635905,-0.6990009506827775,-0.0066285951980768875,-0.0010898269499162849,0.0014800318229900844,-0.013247691175047866,0.014288371196260781,-0.027149695841121653,0.16917435206191336,0.23242796837692153,-0.025994389996138397,0.05480800547751351,0.08257010728283389,-0.36123009709419734,-0.07539202723171373,0.10830828079486406,-0.6634668751888078
0.01370295495170451,-0.006310937764893654,-0.44416695742466245,0.05060254750491697,-0.1466657059731224,-0.048765758166285915,-0.5646662880996933,-0.0027736969566185894,0.1248448603858394,0.07290222439577167,0.035459119515154854,0.7661226041599215,-0.6963650688220835,0.006733756519758957,-0.003040786910964831,-0.005288358076274528,0.003926285863361595,-0.0012833991304401784,-0.027701921580885722,0.176010662186218,0.2446199424982119,-0.030278348718969367,0.05235194392101631,0.07775361930713108,-0.36505255081416116,-0.07030203675581696,0.10368286455941239,-0.6550618670504933
-0.02799882088157102,-0.020859182815296366,-0.4547207641467419,0.05365071228795343,-0.1445778990714652,-0.057499354748437204,-0.7766690850594321,0.020102372026356778,0.011904637471012105,-0.0030622067994067526,0.003911178026841899,-0.027933529471004945,0.028203891280299372,0.00844719175759111,-0.0020129261390214818,0.0032352267337443313,-0.018586188620593077,0.02086645534563977,-0.04038637205814835,0.16523074395708673,0.22601381296974285,0.08317183494391223,0.053127740464801974,0.030745238853039137,-0.4324437901252562,-0.16033129453544495,0.18334435246787317,-0.292335743125481
-0.006619791521874987,-0.8068269340605065,-0.4586387979861557,0.10239668051808204,-0.04678391931404112,0.5759547116893994,-0.8853418983072854,0.0072263422189704505,0.009477278241315256,-0.008850342789428017,0.008948761087011353,-0.00780051286997355,0.0039777321514080375,0.24879772912042403,-0.09484957092272975,-0.04260564314606503,-0.7557115517604456,0.686998772626378,-0.05766207995437503,0.14350635843936582,-0.03362040921377541,0.22384324826984772,0.06445599988458478,0.0868089680920749,-0.3755629995455709,-0.0713342272322095,0.100004541741301,-0.6499929942033918
-0.0014055923828077267,-0.8150246982072892,-0.47406897961729805,0.11381890031814379,-0.053434372711177215,0.5915173838996306,-0.8875270786967667,0.0009121382789050045,0.00569299519785594,-0.00014256841301794334,0.0002771186058748816,0.0004388421876810361,-0.00043815652061596227,0.27845651856839304,-0.10380373709295365,-0.036885349236066976,-0.7672769738709406,0.6964776904524184,-0.06600152353576838,0.14866368057308854,-0.06851553800451504,0.24014370742108404,0.05665527968863072,0.0977725264011312,-0.3827183769556796,-0.07581991390245768,0.10577942365153668,-0.6594674105181808
0.018257933739715827,0.005694917520468429,-0.44433967337575747,0.05328198084482195,-0.14413885578936697,-0.04306401076271026,-0.5671439829248213,-0.01797658017556483,0.1290309668476785,0.07129130908376688,0.038400649002416236,0.7607370230676478,-0.6962416507624367,-0.004020338765908529,-0.0007382734587642611,-0.0010052608112325917,-0.010181341593519641,0.010079907082837191,-0.031034158001837883,0.16842018342379222,0.25623274403137714,-0.03843468585803156,0.05688158250090501,0.07016280107104574,-0.36088680810048634,-0.07327241424990451,0.1035593675582151,-0.6530156322283057
-0.002883175981224169,-0.007062266764909312,-0.4471064504543354,0.04570956034413696,-0.13719637905395757,-0.09441764344391008,-0.7690900715277779,-0.01185783154781722,-0.000355130345651369,0.0021298243873630733,-0.002536787638526029,0.002431349804039084,-0.003051349227353689,0.0018441681904814299,-0.002120417055771949,0.0017029251522573403,-0.009912995963098171,0.008700949962080866,-0.04198872597503683,0.16613463677414533,0.24303244812953181,0.07294223386933775,0.05035975780900456,0.023543219962319242,-0.43228737948228413,-0.15573793711971382,0.18069663749563844,-0.27015250156627313
0.020174231540676088,0.013461147323332914,-0.44433909147452133,0.05017335658830287,-0.1381755038032098,-0.04708197601950991,-0.5612825111064806,-0.010079081213411683,0.12408251039609487,0.07405989509803847,0.03326144003287424,0.7673453233047296,-0.701493944311079,-0.004288325726613048,-0.0023829241889057203,0.004402896463417064,-0.0021542872922540456,0.00028939222776333437,-0.030320095473370882,0.16578685818500594,0.2505039383809118,-0.03591094915498394,0.05297905873330117,0.07556911845445198,-0.3606809455333298,-0.07935526195616828,0.10661352135250812,-0.6615293972992607
0.028815365826159567,-0.0038072465329165865,-0.4434126960475252,0.05375449857537415,-0.14382942290342202,-0.04134642811856681,-0.5672822355299734,0.032933145610592504,0.12483000374498884,0.07318134052815092,0.03515699170644028,0.7645745795941118,-0.7010304660958864,0.004131734334038412,0.002688368810536324,-0.0007063882367365151,0.025504919038369385,-0.020921746453415414,-0.031783292931231076,0.16824216281031848,0.2499608360277102,-0.0358422937697574,0.05548429013937748,0.07438538354112226,-0.36157521335476944,-0.0785496460288996,0.10800319983259843,-0.6606971129936181
-0.009556566530425923,-0.022067916065992354,-0.45136306990802955,0.051708295091608736,-0.14676256645990757,-0.07138691979636365,-0.555009862474304,-0.02014976902416753,0.11209142165012932,0.08668731076626661,0.011098429525580615,0.7573885790670245,-0.68222427909216,-0.014001888360624685,0.010165689103093761,-0.017445545574901085,-0.015574687013819921,0.02444274879689295,-0.03011022243182193,0.16412490939945557,0.24142965102696012,-0.021727750740280848,0.0555243154204252,0.08419376737335413,-0.37779090155440753,-0.09820869683564279,0.1287993698523241,-0.6450088838436158
0.019655149162457725,0.0038843475256020625,-0.4449667633447806,0.05505010308143354,-0.1448350539879069,-0.04003358485402012,-0.564300037268425,0.0026669541948035275,0.12426057051898418,0.07615222637966762,0.03154657000041503,0.7660429563495508,-0.6997911247393397,-0.0010738595137768023,0.0021924968243525107,-0.0012551110250662793,0.006483598986611998,-0.006421252730296662,-0.032797211082447965,0.16918732878679388,0.2459091644354913,-0.032584961410867794,0.055541904552769035,0.0782884100517552,-0.363282221336352,-0.0802949503131879,0.10965806943727291,-0.6646904825929995
0.01968229516383736,-0.0008966416362236996,-0.44396814536799895,0.05241253637538204,-0.1433113785024901,-0.0463970000538028,-0.5634695096819631,0.003500584469309903,0.12142631246481358,0.07518855596200796,0.036847287300783085,0.7657478561513438,-0.6993086003191623,-0.00015538635984636484,0.000493293121771411,0.0009928501373372574,0.001577451316349045,-0.0016221000202406835,-0.03150771853692047,0.16645279068108856,0.24867722279059082,-0.0337940531373511,0.05647539897669154,0.07499539747828428,-0.3622969600933306,-0.07619449860229391,0.10553471871660021,-0.6598183150937819
0.02035440001698901,0.028048282457775502,-0.44479016442304664,0.053313115882121835,-0.14101498312109648,-0.03719093297694606,-0.5657461372421235,-0.021871685059929615,0.1266956662778038,0.07355381054379623,0.032013776648667926,0.7654471384092514,-0.6994631357635166,-0.005493881178118042,0.0010173953421225197,-6.648843109970389e-05,0.005313186378481472,-0.005033466463372206,-0.03125046900965489,0.16568834535848756,0.2476133330399829,-0.03454304123501657,0.05581540974633971,0.07458549325638987,-0.3611142174017517,-0.07846470515628118,0.10788703438104733,-0.6616348698216514
-0.004371112396883504,-0.8121788097631246,-0.4707741117994116,0.11282312414525791,-0.054857502712653786,0.5879483269499075,-0.8869193092127542,-9.45044597241738e-05,-0.001683307033572695,-0.0001380510538239237,-0.001215746724905851,-0.005231790689959613,0.009046482514904317,0.26868601995815045,-0.10254805336354057,-0.035418281979481395,-0.7635378020694185,0.6929964051461632,-0.06653761775354589,0.14923840159303148,-0.058135333311045805,0.23770193635825348,0.05729666429444708,0.09810268450382145,-0.3815028574492485,-0.07668910972258289,0.10647758561052852,-0.6593706419446369
0.025584566252411477,0.010921773059373458,-0.43947828780648107,0.05787068313829129,-0.1385762715953826,-0.039891360001975636,-0.5739336911288185,0.02396601682098337,0.12172198234565691,0.0762843816449064,0.034592358017724846,0.7636939205347911,-0.6937174571428785,0.0044709476559624765,0.01001292529943875,0.005611652661330355,0.008540513042200461,-0.023878469560187764,-0.03092649158859789,0.1685641712453913,0.25094233600837745,-0.035112443754852396,0.05730921721474559,0.07952481537595688,-0.36748598827250234,-0.07676539034309056,0.10241073288690138,-0.6555876369932716
-0.006287071187896806,-0.005522594441112657,-0.4574607932445241,0.051017222438848174,-0.145501501645002,-0.08827358752205304,-0.7694112250645663,0.007067889278205281,-0.003337342519146344,-0.0011627514164287527,-0.0013680272706242968,-0.016177401312122728,0.015194474729641461,-0.00043928961175012917,-0.0007313343313045618,-0.0003713564604160249,-0.011708349904640364,0.00979279543969614,-0.04061830605318338,0.16182269954865558,0.23660413958851992,0.0841836467578854,0.05310649137218088,0.028753108068659078,-0.43496448506582214,-0.16171440845450757,0.18698604383072306,-0.27911443877070913
0.016405672533012526,0.0008877610654252929,-0.4413698505393708,0.05131086936115128,-0.14060366293314958,-0.04924009264399497,-0.5581330267568397,-0.002596644154802676,0.12305504946870494,0.0805411084300808,0.025912658459495648,0.7699292854673067,-0.7028738278980539,0.001123126483479819,-0.0012008095374500631,0.0015209109965044277,-0.0037154738217157566,0.0022020744711866397,-0.03134000257244238,0.16775406977861176,0.25036071620739364,-0.03872843711761089,0.05445503606803517,0.07914901485704985,-0.3636636122261253,-0.08235520553274582,0.11003629182968978,-0.6638628251901455
0.02053407158046628,-0.0070134879817864565,-0.4411728288479973,0.05321101945429248,-0.1404884070843399,-0.04445306286246279,-0.5692542069862733,-0.001225474983995325,0.12224132095850063,0.07428915800788376,0.03198717825127557,0.7628498433523465,-0.6963163213353082,0.00038859196039908706,2.5461875982205835e-05,-0.0011581492942260116,0.00045895581466507725,0.0023683356681249586,-0.031349523581421915,0.16746957852753766,0.2502075886367214,-0.03473269615496211,0.056458094119204445,0.07401190295535376,-0.36197428190198855,-0.07956651197247451,0.10682286498072877,-0.655134011913341
0.021523295365332325,-0.03090196529095357,-0.44325678595521484,0.05449343791244945,-0.14333988684708132,-0.03496182323631417,-0.5768282960673022,0.06984487979455913,0.118970167643205,0.06766219322896622,0.03486000089252066,0.7492671058103855,-0.6839202664187577,0.01068093412903446,-0.002079149523227362,0.004481180881442827,0.01359124902420448,-0.014297997246027157,-0.03195753589385468,0.16747405830161782,0.2453772886124011,-0.028703929152189618,0.055733687403435296,0.07206672705399779,-0.3617701903537132,-0.08039102623741289,0.10937949769206452,-0.6533854332213377
0.0005610409735627147,-0.011505581766346593,-0.44890107217086556,0.05045912258048235,-0.14012945935546053,-0.10547033766508139,-0.7719531732591991,-0.04000845709206672,0.0025659768219353186,-0.001707866461023486,0.008513993283179795,-0.01833051324921021,-0.0010013705110495244,0.0025251914740075983,-0.003645485451285108,0.006515411189821757,-0.0313037291981709,0.013319858295545847,-0.03962520514550435,0.16505570769665007,0.24436332752071513,0.07416906462790619,0.05471839298348076,0.02303266631534681,-0.4349533316241198,-0.1594194377451422,0.17950900875647827,-0.2538481684109509
-0.01750378144376111,0.04529989571401369,-0.45747806016629533,0.023259239537055568,-0.12663056324781025,-0.07118341865585356,-0.5366948243383239,0.0133511857315071,0.11999096361083379,0.056133200853239466,0.04294956242806654,0.7610997243780901,-0.690857450158826,-0.003302529193735882,0.01636238719516675,-0.009593519728786075,0.017875129848950882,-0.033809132511428926,-0.033204102724372936,0.16835790493223324,0.24641023224252454,-0.029715222145338855,0.07101977097667567,0.06463910418907241,-0.34225323218011133,-0.07530189770888314,0.09117089103957321,-0.6582262837949643
0.011158927106902862,0.007744312234104388,-0.4484099199823677,0.053328343660460256,-0.14614674028017338,-0.04642889497528849,-0.5599904845818248,0.0023330656244533133,0.12719482931697282,0.07509707878615066,0.03012386098815904,0.7648641955089053,-0.6961874895650029,-0.0014487624561277503,0.000586553498724069,0.00017941455707941835,0.006139470364857812,-0.004755430621811534,-0.029305535636984,0.16546106012032014,0.2562085614129952,-0.03684921207608433,0.057486789933599874,0.074011489793115,-0.3639732980386565,-0.07836967534241542,0.11123265046679268,-0.6616068130873197
0.02172085502338033,-0.006439476172378281,-0.4463085561119232,0.0556582796580007,-0.15119933958614074,-0.04551031987014173,-0.5652926450885227,0.036529262412466526,0.12281105044686506,0.07551502031856298,0.028183256763421222,0.7686600702815098,-0.6991439789626032,0.004107443714392588,0.0015867665971684775,-6.980428105257201e-05,0.01516982422751946,-0.013219237638595227,-0.03129434888848142,0.16743780296874627,0.25004549123177283,-0.03396544427546719,0.057895100004186496,0.07424022929768721,-0.3658323395020569,-0.08097186830518972,0.1156594761550773,-0.6577789754701607
0.01713951678209943,-0.0020574171857062383,-0.445282508605933,0.05165564942525407,-0.14417040211138887,-0.047530248144346705,-0.5609743347330658,0.0039828296405655895,0.12669808253140574,0.07214862317935743,0.03440134497463126,0.7659844366563403,-0.6998260436002937,-0.0008754559791649506,0.0025089947326889495,-0.0026910866020894873,0.0029180838428934665,-0.002097845109728972,-0.031127992731906428,0.16775249230282654,0.25186168217226323,-0.03697171013708259,0.05618309839002361,0.07059174362770773,-0.359456357109434,-0.07502697632726898,0.10661366775449242,-0.6604463897727223
-0.010283204869897896,-0.8121664651512553,-0.45789948192346,0.11110346785900363,-0.05712763635614328,0.5856878668776696,-0.8875877233802848,0.013079556588824265,0.006393676765644914,0.00012942910125217672,-0.0020459895882299775,-0.010631605325890324,0.008932449249321137,0.2488274698028346,-0.10037433235785949,-0.03251351727119983,-0.7648619332733364,0.6957531032003559,-0.06373672021845724,0.15099508031553086,-0.04102808083523725,0.22581706628354253,0.05734916578770653,0.09408129265461594,-0.3802610753487121,-0.07843813685287912,0.10842943740702192,-0.6575064071048202
0.016308576975220018,-0.006781297803734783,-0.44395787665770775,0.052707646501815975,-0.14251369344007406,-0.047656526763834806,-0.5601092411926991,-0.0004141799673190814,0.12996694242854553,0.07532664602886863,0.030585338019284935,0.7676062999352784,-0.7002738225993855,0.0034981649138195567,-0.0027092389795425947,0.0042345808476480385,-0.0003601500737203782,0.0007172026894545439,-0.03158209009101221,0.16864766059018407,0.2539555042220798,-0.03877132299841524,0.05041732612631575,0.07630869388634663,-0.36410945007607,-0.0810799472932778,0.1132011093671866,-0.6623147509852376
-0.008307007651110698,-0.8197224449785603,-0.4592944546441503,0.10922658681617024,-0.05698697715798103,0.599729297970442,-0.8871887457355675,0.0009113624940331259,0.002024704702689673,0.00400306198652263,-0.0068425277427594825,0.0030435303331100877,0.0025419813345917692,0.2521817951268813,-0.10064516245623945,-0.03777630959744958,-0.7714728120038733,0.7042913395888226,-0.061288031322160284,0.14837523700043825,-0.047659829385852705,0.22529695402662783,0.06578316438418452,0.09960563250969415,-0.37802720040393745,-0.07832787532460447,0.10633162003827182,-0.6716113495394886
-0.0021038448637308747,-0.8131805986604056,-0.4626950563258331,0.11124587924692707,-0.05212815368465524,0.5878608461905197,-0.8878612853627621,0.00024729701770443384,-0.0025060885363272136,-0.0008060210175108711,-0.001628347366893463,-0.002195217196361309,0.009584643090502458,0.2553954436666644,-0.10041623444567545,-0.039004471683141737,-0.7676691791850206,0.6966392583223782,-0.06403640974361766,0.14863836149232576,-0.04703209384095188,0.2303321188207417,0.05790104693217067,0.09448380251051382,-0.3804636852518876,-0.07478568310063564,0.10420580386271898,-0.6555790024595044
-0.993286252687863,-0.997745607496374,-0.9776853658628747,0.3022426177115342,0.03463274091921707,0.10462156765603142,-0.08790949258493513,0.995620681268472,0.9715703195825044,-0.2918289850674976,-0.040793594679506245,-0.03629204544402864,-0.01506380664977288,0.9729423315794349,-0.2996301864831044,-0.044360110405187225,-0.10811742320877686,0.05045631756809754,-0.297777147477542,-0.0042901366698644364,-0.04695608223611427,0.04023180544777195,0.06708095444858239,0.10259294490860747,-0.3587811364583194,-0.07082518936983265,0.10354352109541293,-0.6615345460660442
0.03322892987360108,-0.001567795647120863,-0.44060253809398847,0.053876336594506094,-0.1425346221086964,-0.04023783390326158,-0.5689053857549137,0.01057635547485132,0.12978129453669213,0.07530609788395501,0.035597386567310325,0.760484294394933,-0.7026030969900112,0.00215516592161032,-0.0005686992011856902,0.001989218410234729,-0.0020245616334674883,-0.00397896617797065,-0.03073655936360062,0.16834971348499175,0.2558714685525764,-0.04271950932730165,0.05544689699530456,0.07618989350769967,-0.36186670965962187,-0.07821526107635765,0.10547030602497995,-0.6591535253566249
0.01758188913701139,0.0008139593859058845,-0.4469743987928847,0.05175352959900733,-0.14002924419069743,-0.04898310839480919,-0.5575711035979259,-0.003824304502040657,0.12896443218969275,0.07474039620899936,0.03104148730525089,0.7683692817224951,-0.7045530011402962,-0.00390732534267518,-0.00017500650890910514,0.003107664838040415,-0.001337120825292303,0.004897028320200679,-0.029750940030004554,0.16933713501827924,0.25120706259277403,-0.036648940688405705,0.055761192112285266,0.07580316700973308,-0.36197974347410256,-0.07839427999616155,0.10518990322021841,-0.6630264894491742
0.0216708273999912,0.0017365578015858204,-0.44515039346612933,0.05250507080899301,-0.14382993514113437,-0.04519401968813062,-0.5642645959954914,0.002852973834212235,0.12189943752375357,0.07174638550067922,0.03389111812618814,0.7699393993463208,-0.7002596157129569,-0.007010505878480327,-8.381612284186622e-05,-0.005727072186911751,0.024211630688743758,-0.0014031722093117587,-0.031160546167075195,0.1664484910952725,0.2529196353336693,-0.032748622351057625,0.057121304645864686,0.07336114568070291,-0.3601625509081024,-0.07560680550464897,0.1078599243861597,-0.6642934080393718
0.021535450207693256,-0.01700256212492953,-0.44560057841591966,0.051476673222508304,-0.14464201147301584,-0.054942166056034775,-0.5649684479610471,0.020033072703526715,0.12112127976651006,0.07197296610257348,0.031736620953655884,0.7612354341652338,-0.6963977015971038,0.003444127763341869,-0.0011803408011626618,-0.0011554008734350567,0.002370422650876025,0.0036730091095745834,-0.031549482320490214,0.1673794832894556,0.2503579823579205,-0.03338623078992735,0.0558984145631875,0.07092553359330067,-0.36279279632199113,-0.08174793180873804,0.11147953661454205,-0.6499269773484492
-0.014991746061403473,-0.8111780599261611,-0.4667079112961999,0.1065310901285796,-0.05370142972608795,0.5758130767244941,-0.8833807979259555,0.018354076609481906,0.005026143148064449,0.003696169154290488,-0.004883641030897606,0.0028672630871976685,-0.0015650540568970276,0.25982710713764423,-0.09294834032779829,-0.04064947662324455,-0.7579815238219018,0.6882018514087813,-0.06472604360738105,0.14959302724865864,-0.04603229714657463,0.23178506624053666,0.05434177617556605,0.09074547158569603,-0.3801285284906723,-0.07769945767142006,0.10798515141200142,-0.6501622966270441
0.013421237212514588,0.005728581342122946,-0.44510060040838373,0.05329650739724496,-0.14805762083209104,-0.049600820125808735,-0.5648663800318205,-0.0023165750064999225,0.12187799583433258,0.07180586436615236,0.03413009200248487,0.7631439757252981,-0.6959259113763342,-0.002577506153707226,0.00046860108503974664,-0.001614317911695954,-0.002446902431260957,0.003510775050990833,-0.03223671155247266,0.16885840830164758,0.2489329871316194,-0.03230478236799361,0.057087196114176765,0.07149250860820627,-0.3628470450933388,-0.07791698820433622,0.11072203262299157,-0.6531598687435499
0.03903556145085071,-0.009108332578111219,-0.4430535677019907,0.054248105076080355,-0.14392190617093054,-0.03613299058023803,-0.5720143041472469,0.037596411257665906,0.11684850848392896,0.07161874950607881,0.033886516740045815,0.7699597130252973,-0.7037615666984559,0.0058141069827425534,0.002211391508795847,-0.00027611545361076116,0.020840236650304243,-0.018813137843112254,-0.03254642533126184,0.168343447122488,0.2451424555532762,-0.03138675721909145,0.05414910548283755,0.07341642479562883,-0.3598417708462537,-0.07953461278525892,0.10845861573986139,-0.6623687983422482
0.026063763695027643,-0.013861692837382032,-0.44366400343831663,0.05311575061459526,-0.14407568697656764,-0.04599661217958008,-0.5627127681556415,0.02152992871772535,0.12722048303049985,0.07274580175082082,0.036275669092689505,0.7686555019538241,-0.7042507313214658,0.002932291975766481,0.002389271070310508,-0.004007097516877362,0.0063818407456029055,-0.0031668686540791543,-0.0315057598853625,0.16855882754531365,0.2519233949464422,-0.038819790560527256,0.05488192484577444,0.07508712530964946,-0.3607897182086612,-0.07899983071862854,0.10684857377682759,-0.6619298251353335
-0.0029319318582879117,-0.7760943420928929,-0.4563500470130892,0.09996959540390131,-0.0667516050943611,0.5205408308384328,-0.8733450373048613,0.0038461850031495945,0.0014242939521083037,-1.4268072148893613e-05,2.8133721760875923e-05,0.0008554635625836204,-0.0007840827248957817,0.23142260342848303,-0.08748464559894949,-0.030907553610109224,-0.7236967535942461,0.6502998876140295,-0.05895240616561764,0.15333375674238817,-0.005544961346150877,0.20521143114405338,0.056225857816985025,0.08248819421781374,-0.38582580840210795,-0.08898788396085736,0.11905683817569272,-0.6125648684438717
0.008203465103173404,0.02040244303011359,-0.462014102006963,0.05119373373020516,-0.140740121924251,-0.036876200751379734,-0.5532000085667065,-0.005764819747286107,0.139843253801492,0.07554092313848759,0.03333302381842217,0.765219814944881,-0.7048105417036057,0.012528053180197892,0.00266198686208339,-0.0007737075560646864,0.001789995315650015,-0.01023737054725847,-0.03282511817964437,0.16907000345397366,0.25285737262302804,-0.030941907442446397,0.05611478998539872,0.07642844239531088,-0.3597393735055466,-0.07676183098836925,0.105646919457416,-0.6695375107207177
-0.0070105711437679725,-0.8184784958621383,-0.4614828627521696,0.10741699019928576,-0.05700550906613931,0.5992643574706692,-0.8880292793090749,-0.004624020560544944,0.016661572402806944,0.0015825334272004902,-0.0051150745709393555,0.007419443070855843,-0.0003846799682633423,0.25786555521000687,-0.09696736656048184,-0.03728988556510929,-0.7763948978281575,0.7007068825421872,-0.06451923741138728,0.15745756533895383,-0.058563349754333464,0.2336378162086318,0.056113464261661625,0.09223714158827948,-0.37827347660910604,-0.07302399425161916,0.1074927384584315,-0.6656183667218705
0.01684930612006184,0.02535937994106439,-0.4445463176681777,0.05386165749630245,-0.14306145651990426,-0.029714928194794158,-0.5690464391555934,0.03647102885215206,0.13870816029979868,0.07099065539243919,0.041355004856477924,0.7563897501090763,-0.6968120246866351,-0.015142345590623824,0.005357626305575144,-0.006506168964332851,0.0425635637940098,-0.03190347593568441,-0.030628430477682402,0.16532640564189843,0.25091262397316516,-0.035097160710883146,0.05686942001679019,0.07340664384016307,-0.35865601129049274,-0.07331500683358018,0.10487926511426209,-0.6673929175577449
0.011962440558920272,-0.0007303681941999769,-0.4450423663603967,0.05401640187163595,-0.14460109736421933,-0.048097195416477584,-0.5576282751797557,-0.0023860263074715277,0.12418653956969286,0.0764102893056426,0.030317961179735866,0.7700882954437974,-0.700580414397979,0.0010054385841841908,-2.696378529117891e-05,2.7969997255719098e-05,-0.0030433841950704746,0.0014016795268677576,-0.03115667161231108,0.16761572670739083,0.24970480301720702,-0.03831133737342628,0.054643138107774714,0.07717950022748093,-0.3629276350273061,-0.07878317681476935,0.10904405977963699,-0.6653568766044545
0.025933447034324344,-0.0029765285272908377,-0.44337566556286667,0.05198112740775794,-0.14363457112211128,-0.040908114941479015,-0.565475926316992,0.017713182423029807,0.12107114810431456,0.06952957080663025,0.03483289015741499,0.7667453197739597,-0.7009609427206686,-0.0017244724647149346,0.0065909415382873525,-0.005236298311002091,0.010087682761329665,-0.00955025021374609,-0.029269562348652915,0.16576970170541908,0.25029039679646664,-0.036531399291239504,0.05884755066197195,0.0706646997372271,-0.3571699562025677,-0.07547688636597975,0.10577573489692854,-0.6630131520246053
0.009059471475386008,-0.028533434078519396,-0.44611925943779984,0.05568158711013924,-0.14646000505781728,-0.051367717086627004,-0.5584502647924994,0.004941463619731605,0.13740569740379385,0.07450508266547466,0.03408725038281616,0.7646614720380956,-0.6970022995803086,0.028398057388145242,0.000560096587051789,0.004901614203166426,-0.0117067625592821,0.00993584575699087,-0.03399666701712166,0.17079221164527777,0.26263703428725343,-0.044035708953815596,0.05318604738187113,0.07501055902713903,-0.36397350717774,-0.0763235281566154,0.10899373163979297,-0.6597600460286771
0.004739221553417228,-0.0583445802234704,-0.44483467329705273,0.04920553448743835,-0.13540589546700127,-0.06304370336758348,-0.553717094831118,0.042904454592414674,0.1283126166540412,0.0715647308417936,0.0340374072522988,0.7585053962597715,-0.6930530878385093,0.012053616670877744,0.010717312220125586,-0.02477437890689022,0.046913603931984744,-0.0166337962694086,-0.0304136946496826,0.165545176411269,0.25575203124464524,-0.03649295803966869,0.05621763192469172,0.07251865615175847,-0.36296192995509324,-0.08014467763081502,0.10945166468944649,-0.652622399531341
0.08127840618948008,-0.023711694487146686,-0.4347497591617248,0.056402522837266315,-0.14081753234814762,-0.0020201064957819214,-0.60159678720237,-0.935825489105999,0.11380562760604775,0.07670494282102251,0.031866821042448805,0.765845014593215,-0.701225183659285,-0.14081940659463135,-0.07364698137001655,-0.037552769598316965,-0.7343266545614703,0.6302546801237598,-0.030851986916594177,0.16701309636840048,0.24680322669923496,-0.032717917914011026,0.05615828249992637,0.0760912591465209,-0.3632221506788991,-0.07783493154053042,0.10792950733514639,-0.660493943339737
0.024739297955081983,-0.0010057004697725132,-0.4381163813774678,0.06042779881860309,-0.14155329213029005,-0.03432316496094046,-0.5826422868794833,0.014893585520705889,0.11163118010104334,0.067604978179846,0.03211414127722413,0.7662414624619239,-0.6854370097269552,0.0028421353769817856,0.0033980745984677004,-0.0006848628393713095,0.00032235212037529164,-0.007890101446251359,-0.03368049345569085,0.16768286511318242,0.24338158738294882,-0.025188494720169225,0.055492341080847676,0.0743548755521007,-0.3633124792197273,-0.08136883386884369,0.10946949631909778,-0.6550671015150381
-0.005066667151315602,-0.8134007387495612,-0.46847157349632707,0.11182075743036424,-0.05368542623818396,0.5884263630607038,-0.8880930472242304,0.0063051205001061665,0.0024665180394440774,-0.00016941180447765708,-1.2960367561662965e-05,7.170161332911799e-05,-8.903311570157454e-05,0.2643180205008368,-0.10131842785173716,-0.036967803890160696,-0.7665915282285524,0.697141291396092,-0.06454324758363351,0.1493384389343767,-0.05415803238760263,0.23638606634429782,0.05727926397247674,0.09562496819154966,-0.3806399990474479,-0.07544373066387126,0.1056822230323883,-0.6590005301966121
-0.004510541040596988,0.0021829692802313875,-0.4429980295035258,0.04880990115592291,-0.15256790277919308,-0.06310864368868253,-0.5665326506734398,-0.02713554613357494,0.13494928601887785,0.06210358972759763,0.009034343295156884,0.7488027048751794,-0.6748923175266573,-0.0019526695095161597,-0.0026571379720959146,-0.0038749993814596604,-0.01777212719192709,0.017387317412689864,-0.030121244676305375,0.17285406775759576,0.25813756193720633,-0.0374244470146883,0.051753803417879676,0.06593002548044091,-0.3622322968009364,-0.09699570493249413,0.12940393999453523,-0.6378651939250805
0.04054921110491575,-0.010294732178442411,-0.44129862581588486,0.05479309935829755,-0.14306331650681015,-0.02938300163234203,-0.5717746968512942,0.034977753286895084,0.12241871374465803,0.07583127054011805,0.032665915050658634,0.771179363639921,-0.7056834876951066,0.006397974564158961,-0.0007677866183796135,0.0036601217300705397,0.01574702547335939,-0.01427751568401131,-0.03150759188475184,0.1680086421569879,0.2479333510610095,-0.03614917687058471,0.05249811178677317,0.07834800930442239,-0.36152135536806623,-0.0794745035990525,0.10847699129233679,-0.6690254472775604
0.02417661105216797,-0.001869612049534115,-0.44418439628624995,0.05329039348611654,-0.14341907728300649,-0.042355042735827485,-0.5673719942251269,0.016088330513776943,0.11553552048506609,0.07489892754010798,0.02890411441605177,0.7659184468236461,-0.6992832274785837,0.0025306245531523277,-0.0013590238405854812,0.003098791198525895,0.010997901254422342,-0.009878095048284156,-0.03233418972216916,0.16809253297816965,0.2447475170046344,-0.02952313159595831,0.06053735768863851,0.0711447550717838,-0.3601739001513839,-0.07791384856920064,0.107867127869559,-0.6590649680896664
0.010739833264711836,-0.032558978320482324,-0.426595244001551,0.05593517786513146,-0.14298338986854425,-0.036438434644120075,-0.569271721995197,0.007912927150094486,0.1235439187990255,0.07229337676131119,0.03352355876041479,0.7630218394759248,-0.6902279132076563,-0.006262204897243766,-0.004713405513229932,0.0015573482280937698,-0.013876281326642379,0.021269903581682112,-0.028659336640219104,0.16698643349411404,0.25531330458514523,-0.044000468287185415,0.05568968874691916,0.07632823061674827,-0.36153907245755157,-0.07931312506951564,0.10795602092673534,-0.663592773804901
0.016232567056809283,0.0011517812427868537,-0.44359771234775514,0.05232623305638651,-0.14440946998472015,-0.049806085345907844,-0.5662010098344762,-0.01951310983180084,0.12204500226821569,0.07201136552781431,0.03308552788293436,0.7597494992212928,-0.6925135879903637,-0.0029903118761623756,-0.0015948649650910133,-0.0003636048831880581,-0.015988409795753732,0.014513714219180792,-0.03173074050813805,0.17069251176635464,0.24991516909141015,-0.03247175472869626,0.055877442852129755,0.0726280628033228,-0.36265499273609214,-0.0793772861601835,0.1090112076473031,-0.6530696554768227
0.021234942546293597,-0.8026413077165833,-0.46417330652720323,0.11349730119139977,-0.05864770892157751,0.5703161791670204,-0.8835613941853494,-0.0013668063672240484,-0.013426791184922243,0.006856483451069035,-0.002656078668165155,-0.002934429278018103,-0.004174490078236971,0.24654985425059744,-0.09689591546277955,-0.03606723726151734,-0.7634989740165743,0.693820087622226,-0.06246439769359152,0.15053690739278183,-0.036086031088658696,0.22474860193015553,0.057419698612499945,0.09041189023906572,-0.3794345411676964,-0.07783043662166343,0.10846694433860925,-0.6524317111644309
0.01143955622440888,-0.006334292841164556,-0.4448474985240785,0.05264226900492023,-0.14422584212370737,-0.049905871085462475,-0.5649781621350858,0.0056461206455226,0.12712974349225273,0.0733431108583832,0.030698605572503184,0.7602429504792303,-0.6917955160740993,0.0020149196440119852,0.00018492700218565196,5.28529479012094e-05,0.0020708605538200158,-0.0016963004238674504,-0.031005833306113513,0.16721634407419922,0.25429525181496365,-0.036658621394614975,0.056215546250999046,0.07323829681542342,-0.36388457307133815,-0.08033652164868164,0.11098995000338005,-0.6533093498716906
0.008039751090176276,-0.8186527136140934,-0.46059517532182964,0.10982628875285354,-0.05140409491227246,0.6055726726656742,-0.8922271111629321,-0.009241907386248872,-0.002615845552942505,0.005013179444001886,-0.0007693492431014474,0.004455600430195521,-0.01001639242471041,0.2591496912807614,-0.09918714756632147,-0.03671652882098345,-0.7790334700456878,0.7088091287426764,-0.0642704800307493,0.14906501205579153,-0.056710203090480665,0.23362326722279908,0.058486434215866086,0.09726083955340344,-0.37376853179303837,-0.07364461959628163,0.10197756428269013,-0.6749254873921464
0.03583358124333729,-0.011497181340688879,-0.4427509663714541,0.047210886083219904,-0.1377146761400894,-0.039569488042542934,-0.5716003440509622,0.019699756267892832,0.12058257967521552,0.10823133100417973,-0.0033253319925171977,0.7529175604736124,-0.7073047290552577,0.0045319371014745135,-0.01484355896147684,0.014796441783015585,0.004492766963951617,0.0031946260689888913,-0.028512619293100186,0.16490861385246522,0.25271915413181584,-0.03473014410177693,0.06659191555256659,0.09111535044833059,-0.37214221893785054,-0.10133003205573632,0.11907051169752926,-0.6541302178034992
0.0029863364015747765,0.00022364617801335032,-0.4462342640306288,0.052246610387059564,-0.14500444065661,-0.05810350347906332,-0.5570167456715835,0.0026847778342928585,0.12660073892841625,0.07569112012800433,0.02794131647445259,0.7648790153320209,-0.6936899796954802,0.005777769805411628,-0.004588398833642263,0.0068441918539589456,-0.005364123506669355,-0.003113522270729598,-0.03082621365392343,0.1673250803197781,0.2550164908529021,-0.03842842470744088,0.05617295308283838,0.07406784509336067,-0.3635317253507179,-0.0805071916571963,0.11057805107623458,-0.6560772727509862
0.021265257252855264,-0.004484279296292458,-0.4439214567237461,0.05430974643615741,-0.14709126068835446,-0.022430117628660002,-0.5698357922121933,-0.0033369699131604153,0.12292296767946662,0.07334644476943637,0.03110721542843747,0.7614287388326986,-0.6973475183017356,-0.0002420371543651204,-0.0008730441388402118,0.0004467431789147198,-0.007915498514590221,0.007038535079985229,-0.03175128356915928,0.169312629819141,0.2411496503612639,-0.030890139566519866,0.0567803768020417,0.07609041795066152,-0.35926797407884725,-0.08275409413220051,0.1114470039866774,-0.6700768481374201
0.022776254182131635,-0.004311637066681529,-0.4382183136299267,0.0523684448365938,-0.14505385370666302,-0.03974887058359597,-0.5624724256835575,0.007963141638571794,0.12670272811561697,0.07398568748855079,0.030823882826529786,0.7631296854497515,-0.6996611077611724,-0.003345034130426109,0.000732928622773157,0.003302708590776084,-0.0020943505266682477,0.000861009969126018,-0.031183066802260306,0.16018059717721356,0.26197604897639737,-0.0482070914774831,0.05577798113420249,0.0729678114904931,-0.3578527075584285,-0.08688266202755873,0.11457313324246318,-0.667784439870621
-0.004387522777176475,0.014594354086246375,-0.44624726433152473,0.05247854468557006,-0.14346094332847095,-0.08587222805133204,-0.7714865686319944,-0.03911626690901363,-0.018641943464392994,-0.004736204800252537,0.0027190831683645642,0.0074147265404704505,0.010554417996974737,-0.03199197377240259,-0.008221457740779174,0.00511961584428249,0.0674162070308149,-0.010982522583607435,-0.042680360782395295,0.16806065259214342,0.2586830663942377,0.07072338149013097,0.0540172977934516,0.031870243230353895,-0.43295995863290204,-0.16396798716193078,0.18160195609436908,-0.2858892084495717
0.00021041434328242646,-0.816207155718864,-0.4663867432459282,0.11064363512559523,-0.05119710145911146,0.5936637817920308,-0.8891179707885692,0.0012397206459369991,0.002248427572538607,-0.0011368190172271401,0.004723771267317388,0.004165685598864143,-0.002795328266603489,0.2648696759742055,-0.09913652609782347,-0.03949979072212123,-0.7682773218133407,0.6992935972373625,-0.06610458953100683,0.15302047637781013,-0.056679484284379876,0.23666513155322594,0.05708756542122991,0.09299885498240563,-0.37783284858191984,-0.06953461665231492,0.1016201398570771,-0.6621855566333873
0.015902353998455514,-0.004963197297864083,-0.44392691539638807,0.05249414615613116,-0.14365707923649337,-0.04997368947405542,-0.5614003852080739,0.012350874196066718,0.126326937650697,0.07450518276728137,0.03328068768099039,0.7654338435479406,-0.6983050157823703,-0.0021826336717148957,-0.00017757971225666925,-0.002643646196885632,0.005189674410612139,-0.006136126827612909,-0.030399954124317563,0.16796730903863735,0.2563778542869054,-0.039879543897211545,0.056441278175071836,0.07503822423517544,-0.36250899630319516,-0.07637751759769561,0.10708403735155665,-0.6587398437487162
-0.007918884503025378,0.013750442113652988,-0.44993876893059054,0.051845999006571906,-0.1431052611069461,-0.09593020335116033,-0.7693947420408982,-0.0070148580939912485,0.0021495400348480157,-0.0005848164009426936,-0.00023871569176041414,0.0006858378006786347,0.0014458325823426689,-0.004372283507615948,-0.0007997485018141518,9.746316938957299e-05,0.007842235759122792,3.463915385938378e-06,-0.040686853751361315,0.16508167744509622,0.2406508536818775,0.07491457171536697,0.0534088339810024,0.02756824065655894,-0.43464909941198926,-0.16164536217102873,0.1833506543505859,-0.27121844421315217
-0.005463850287476246,-0.8040020527745675,-0.4813983910790515,0.11848479820808479,-0.05105525514916187,0.5621556880114676,-0.8853050770552402,-0.0051654399617699406,0.0050455295888867215,-0.0037990275039719175,-0.002308501845956921,0.013357546439984462,0.001740806374492195,0.2740307645033224,-0.10403111184776097,-0.037282417814707196,-0.7583926124301962,0.6886596104127286,-0.07034441478940875,0.14577570488873404,-0.052288326343559774,0.24565367812597183,0.05856992504975057,0.0946847493977835,-0.3867185969348587,-0.07940465192567535,0.10499140753500934,-0.6425405591241297
0.038753888760569837,0.002850035838482188,-0.44937522401650054,0.050783982997346974,-0.14430659450315858,-0.08280008087755905,-0.7828857586684462,-0.003570234963473288,-0.01588607674738373,-0.0022558061177481393,-0.0020812518355075153,-0.053140859237077266,0.043431421931296885,0.013429717507879411,0.009531379431033674,0.01204306359359429,-0.0357288223344654,-0.017157210278555015,-0.03896981288126796,0.16642822157522638,0.22918710849516405,0.07601462679876007,0.05456110824234228,0.023414559176827554,-0.43702975449266224,-0.16759985320577642,0.1826780677023533,-0.2539495327191005
0.016894276256248154,0.0014126153092132636,-0.440957043860732,0.054082776544451386,-0.1428010150103453,-0.04859111967641799,-0.5615844621027738,-0.0036544516948273775,0.12420237009681342,0.07395960952448974,0.02887222355356271,0.7639836930430096,-0.6987466082574623,-0.0017119182330320453,-0.00011735311020044794,-0.00018886140623880954,-0.0007953663117141028,0.0011129370003291948,-0.03475151291175795,0.1669674570164199,0.2532081156348208,-0.03886411421296852,0.055496879047875904,0.07316455648438769,-0.36147243553373154,-0.0808415309961923,0.11001327218713731,-0.6596998970510292
-0.020519686288975752,-0.038197584191366256,-0.45818391911467327,0.05481510677074824,-0.14501778389720552,-0.1049313433603601,-0.7642787272824078,-0.023983361072490744,-0.0031822148985964248,0.0008122200860865416,0.0001400996467426602,-0.021161221136761704,0.03001709531298617,-0.004848401087127968,0.004998264671740937,-0.0001149118489670072,-0.0206837092943595,0.036265840239600555,-0.039857906604891684,0.16450205136172805,0.23998278725704966,0.07634897483896617,0.05491637660038264,0.029194602254116728,-0.439391392989646,-0.16079472993182542,0.1839882402989311,-0.26880569201868926
0.006765289684725983,-0.018641382415794387,-0.44336067999739515,0.050361929838062765,-0.14484362222481914,-0.04822494274929754,-0.5569370772083345,0.011365785492093192,0.1261985318893505,0.07304807123457813,0.035314712917252154,0.7644041505823631,-0.6973723561860115,0.004144213708018649,0.0007837478513399997,0.0036474474837771965,-8.332675785962913e-05,0.0002613925008620713,-0.030525659861168557,0.16717178978680317,0.24989303352095968,-0.03615929064422547,0.055619939511710896,0.07395000959817244,-0.3606251719443976,-0.07872842241003403,0.10759793388778274,-0.6606364598226406
0.03322414652159857,-0.015783303870400667,-0.4415314147242159,0.05374613341227214,-0.14333608700427095,-0.03662254251722245,-0.569599920708161,0.03907693888932753,0.1282929039508541,0.07650422875916105,0.03315950811879725,0.7686158493970409,-0.7024474124604428,0.00750117161597449,0.0008773073123347177,0.0015282493254839958,0.013763455588771964,-0.01260276159572035,-0.03051827630846598,0.1677264802003682,0.25391955437529967,-0.04028099136306332,0.056158146808151614,0.07638985874758349,-0.36215877915391065,-0.07756851709439914,0.10716695110911605,-0.6637608506208404
0.017532900582620234,0.005905873490463665,-0.4432642525217895,0.05239186715830341,-0.14155095580211002,-0.04874173927819533,-0.5632400207866591,-0.0063553445905611995,0.12485910475555578,0.07339565706553552,0.033164414555987884,0.7636864582396858,-0.6972215156739193,-0.002087321074091949,-0.00033269576305962356,0.00017316365633066963,-0.002043291018800939,0.002004818961837837,-0.03154982425088274,0.1678739918279371,0.25366129231594264,-0.03732531722668982,0.05551046971780793,0.07508949492499699,-0.3620199774208956,-0.07920984690143601,0.1071975521580503,-0.6576694618047507
0.024397942815414218,-0.0046763959776009115,-0.43990391707166665,0.04911003351879918,-0.1391391047784027,-0.04678299567516532,-0.5641028344928044,0.007421188273588831,0.12179307116382507,0.07545586037917545,0.029233071567105296,0.7651842074273669,-0.6994780204446265,0.0026773657555803415,-2.2526748865126323e-05,0.0005603332044711393,0.0026057554434998484,-0.0023101819638237887,-0.027322004281545714,0.16358605397531634,0.2564129895559501,-0.04228501566771817,0.058817102456142904,0.07474325229055613,-0.3609825249278062,-0.07919087516590059,0.106676912661528,-0.6594983663857316
0.016889959022836777,-0.00366527577547383,-0.4411747166729045,0.04822090643862397,-0.138334270926651,-0.05034532812562431,-0.5658407783858483,0.003839567666667175,0.12936010226091343,0.0718349861495723,0.03452183376079236,0.7630003934215236,-0.6951059510196734,0.002440076403515823,-0.003428903817605713,0.003283692087168341,-0.003719671516590785,0.0014114664488608414,-0.031518907361906316,0.16846176709019026,0.2564721475710866,-0.040039012939334956,0.05356504325289159,0.07116823376019553,-0.35909643413135156,-0.07643996118088632,0.10473278677803911,-0.6549376532180325
0.037383058931897944,-0.010374313973550105,-0.44346857615589774,0.05650425420243542,-0.14645484027075834,-0.031349680894359314,-0.5695882812066354,0.0390621591237879,0.11770057690424754,0.06786848525267734,0.04031857872567214,0.7687843885690842,-0.7052253690191143,0.006301953925470479,0.0018744064803538176,0.0006245706488450592,0.020952004180416064,-0.019023991026912067,-0.033994806952785325,0.16996714034231072,0.24205396975280408,-0.031174244004504886,0.04952672678305653,0.0762010807081289,-0.3584278042544152,-0.08008578395955808,0.10744834193566016,-0.6688147104265348
0.021426517366862675,-0.003849648599376507,-0.44154108967269584,0.04740384272778075,-0.1374581115212147,-0.045431098805057336,-0.5624219206552773,-0.0006859734319692733,0.11995342348165965,0.07707361976140922,0.02783617134119671,0.7664406462347358,-0.7023801827463403,0.004010191374688609,-0.006210027551211348,0.006670894104182636,-0.004226164601675365,0.005255151783373957,-0.027761579746806136,0.16387073668991814,0.25345471320499935,-0.03892784185234661,0.06180367921203223,0.06953548783984867,-0.3570259592186911,-0.07374199722739737,0.1028495622856406,-0.6605959722823105
0.03026060684198885,0.002042364685290118,-0.4430966885390242,0.053036343379833144,-0.14123077959083655,-0.04365445968950964,-0.573301321549704,-0.05564373313622237,0.11554602626577543,0.0715685780135965,0.029792468618984817,0.7660208467544785,-0.6954522171926859,-0.007014690927324894,-0.003055130830493793,-0.0027916092484259834,-0.03135243774717911,0.03265085942745799,-0.03227612610788272,0.16704494343882562,0.24469732914429998,-0.028833806017224232,0.055728825207441185,0.07226506229472703,-0.36157511050774876,-0.08185646203715238,0.1102216434013991,-0.6539120068500855
