0_channel,1_channel,2_channel,3_channel,4_channel,5_channel,6_channel,7_channel,8_channel,9_channel,10_channel,11_channel,12_channel,13_channel,14_channel,15_channel,16_channel,17_channel,18_channel,19_channel,20_channel,21_channel,22_channel,23_channel,24_channel,25_channel,26_channel,27_channel
0.04972204428239737,0.0675792035083838,0.09380451896884842,0.02594288208966441,0.20621576484769297,0.09366380042424755,0.00768616537065117,0.0,0.0,0.0,0.0,0.0,0.0,6.778686832314343e-06,0.0,0.0,0.0,0.0,0.0,0.0,0.0,0.0,0.0,0.0,0.13179657943207035,0.0,0.6321521545791285,0.0
0.09372853824858919,0.12570383377486474,0.16505215216497104,0.04474041294104186,0.35412109141738635,0.15512046481962244,0.013130336670145279,0.0,0.0,0.0,0.0,0.0,0.0,7.401158074133854e-07,0.0,0.0,0.0,0.0,0.0,0.0,0.0,0.0,0.0,0.0,0.22576687481694388,0.0,1.0353251268089805,0.0
0.09275312023004284,0.12556896240271406,0.17156518055016112,0.04820314667860271,0.38026309332617975,0.17295618903395837,0.014434345698471103,0.0,0.0,0.0,0.0,0.0,0.0,0.0007510280842442212,0.0,0.0,0.0,0.0,0.0,0.0,0.0,0.0,0.0,0.0,0.26750900432601205,0.0,1.5379583806646102,0.0
0.028556274915653553,0.0386411620538217,0.05125512797952175,0.014259556494831316,0.11050560926829749,0.049712960928412125,0.004230447028309045,0.0,0.0,0.0,0.0,0.0,0.0,0.00015548289389502023,0.0,0.0,0.0,0.0,0.0,0.0,0.0,0.0,0.0,0.0,0.08091335829401669,0.0,0.44116356346972857,0.0
0.1331066710117991,0.17566592182320678,0.22542074901123085,0.059683393046971844,0.47435722505764166,0.21082378052345743,0.01739360445841529,0.0,0.0,0.0,0.0,0.0,0.0,0.0,0.0,0.0,0.0,0.0,0.0,0.0,0.0,0.0,0.0,0.0,0.31197609579056573,0.0,1.3176544305303548,0.0
0.06528291154205594,0.0877130011372304,0.1148316796868906,0.030656823854426626,0.24541030001619726,0.1094156979479168,0.009099060550146438,0.0,0.0,0.0,0.0,0.0,0.0,0.0,0.0,0.0,0.0,0.0,0.0,0.0,0.0,0.0,0.0,0.0,0.15776873481007153,0.0,0.5358288784574378,0.0
0.10297136550249991,0.13889401486032124,0.18772501528675453,0.05155308252693647,0.41306129128160957,0.18684823290393154,0.01568819205734662,0.0,0.0,0.0,0.0,0.0,0.0,0.0006647011144148149,0.0,0.0,0.0,0.0,0.0,0.0,0.0,0.0,0.0,0.0,0.2852488068931818,0.0,1.6639080183779997,0.0
0.029339412658363737,0.03961417711603026,0.05424310820299643,0.015464976867333766,0.12043984964190443,0.054695140518685036,0.004616038316042705,0.0,0.0,0.0,0.0,0.0,0.0,0.00026853507488246143,0.0,0.0,0.0,0.0,0.0,0.0,0.0,0.0,0.0,0.0,0.08811574289310237,0.0,0.46053256760781885,0.0
0.07607829917274168,0.10044078701508642,0.13440611384404824,0.03513908602660148,0.28462442200809945,0.1272488693063078,0.010387107316884471,0.0,0.0,0.0,0.0,0.0,0.0,0.0,0.0,0.0,0.0,0.0,0.0,0.0,0.0,0.0,0.0,0.0,0.16821936037662294,0.0,0.6618619734777891,0.0
0.1337526010063036,0.18054455929138968,0.24974850464582354,0.0687420747357097,0.5524684729223824,0.24846769935065963,0.020624610571479348,0.0,0.0,0.0,0.0,0.0,0.0,0.00014961039888032243,0.0,0.0,0.0,0.0,0.0,0.0,0.0,0.0,0.0,0.0,0.3721288743938422,0.0,1.8878086895219433,0.0
0.17348534651612235,0.22925768200576585,0.304453730490576,0.07977513089823898,0.649051594331017,0.2878332535897631,0.023592579629346418,0.0,0.0,0.0,0.0,0.0,0.0,0.0,0.0,0.0,0.0,0.0,0.0,0.0,0.0,0.0,0.0,0.0,0.38781630097808795,0.0,1.4042001568399196,0.0
0.051359611297262506,0.06803738045112077,0.09137826785123476,0.024482216495264265,0.1934186161935658,0.08831579811233661,0.007171928152812261,0.0,0.0,0.0,0.0,0.0,0.0,0.0,0.0,0.0,0.0,0.0,0.0,0.0,0.0,0.0,0.0,0.0,0.1261731960956736,0.0,0.46114805102069867,0.0
0.07615835257802923,0.10310416028910718,0.1389776121355785,0.03875590540584225,0.30878749680731366,0.13888222043887585,0.01164906894122365,0.0,0.0,0.0,0.0,0.0,0.0,0.0006172674783241325,0.0,0.0,0.0,0.0,0.0,0.0,0.0,0.0,0.0,0.0,0.2147973881332968,0.0,1.304524990107804,0.0
0.04562046768866337,0.060084690680707396,0.07859293075641183,0.02070704735356963,0.1636528361290845,0.07494152292767664,0.006075475022349051,0.0,0.0,0.0,0.0,0.0,0.0,0.0,0.0,0.0,0.0,0.0,0.0,0.0,0.0,0.0,0.0,0.0,0.11199822019194011,0.0,0.49040169011788776,0.0
0.048177676974478986,0.06227689170787339,0.07949665406987413,0.01962312176526342,0.16223105043161518,0.06907144393158118,0.005705328717140721,0.0,0.0,0.0,0.0,0.0,0.0,0.0,0.0,0.0,0.0,0.0,0.0,0.0,0.0,0.0,0.0,0.0,0.0901629746627802,0.0,0.15570544462285504,0.0
0.10022081277721902,0.12989916902275542,0.16501038017330485,0.04106657790462759,0.34585555050658623,0.14915113855434609,0.012106276734080042,0.0,0.0,0.0,0.0,0.0,0.0,0.0,0.0,0.0,0.0,0.0,0.0,0.0,0.0,0.0,0.0,0.0,0.19906921659100144,0.0,0.3405193920955883,0.0
0.08510551444041194,0.11024815649541343,0.14347009322564472,0.03674263168686568,0.3007570525243262,0.1330083193074754,0.010876400518876611,0.0,0.0,0.0,0.0,0.0,0.0,0.0,0.0,0.0,0.0,0.0,0.0,0.0,0.0,0.0,0.0,0.0,0.161617971020497,0.0,0.5515784130775807,0.0
0.09144597907063046,0.12602862387743172,0.17471647747079525,0.05004623899315209,0.3876898095556678,0.17955745781944707,0.014997135184007976,0.0,0.0,0.0,0.0,0.0,0.0,0.0009107749254854664,0.0,0.0,0.0,0.0,0.0,0.0,0.0,0.0,0.0,0.0,0.28131545557143905,0.0,1.5501081311788398,0.0
0.060437763499354355,0.08030194685712187,0.10460368657113318,0.027561001410805884,0.22265825431194086,0.09835230537883927,0.008289567309822856,0.0,0.0,0.0,0.0,0.0,0.0,0.0,0.0,0.0,0.0,0.0,0.0,0.0,0.0,0.0,0.0,0.0,0.13875926428352742,0.0,0.5160457675280871,0.0
0.07381051483234602,0.09693931675409734,0.13045718963157107,0.033752566513353684,0.27823526747297966,0.12017093828805799,0.00999890542758869,0.0,0.0,0.0,0.0,0.0,0.0,0.0,0.0,0.0,0.0,0.0,0.0,0.0,0.0,0.0,0.0,0.0,0.1544910217629619,0.0,0.46510179600300705,0.0
0.07397663414881028,0.09737670075152824,0.1253939130012339,0.03235936179439324,0.263160059815357,0.11672784073429132,0.009717232636056622,0.0,0.0,0.0,0.0,0.0,0.0,0.0,0.0,0.0,0.0,0.0,0.0,0.0,0.0,0.0,0.0,0.0,0.16889774293311574,0.0,0.6412638348868738,0.0
0.0861205195700235,0.11452737884422186,0.15104666335552355,0.03974149992867383,0.3221169972403378,0.14110348800838107,0.011858523411845867,0.0,0.0,0.0,0.0,0.0,0.0,0.0,0.0,0.0,0.0,0.0,0.0,0.0,0.0,0.0,0.0,0.0,0.18180879604549044,0.0,1.0284955023601063,0.0
0.1311606136555807,0.17045532923171244,0.226129848935025,0.060743984672072655,0.4897885786791452,0.21409721314781213,0.017738358544690917,0.0,0.0,0.0,0.0,0.0,0.0,0.0,0.0,0.0,0.0,0.0,0.0,0.0,0.0,0.0,0.0,0.0,0.3146271902618841,0.0,1.4829913745395868,0.0
0.0952450678726096,0.125128654592765,0.15751926609436684,0.040304160552770564,0.3272107251073774,0.1439464812369973,0.011889769847374804,0.0,0.0,0.0,0.0,0.0,0.0,0.0,0.0,0.0,0.0,0.0,0.0,0.0,0.0,0.0,0.0,0.0,0.19724727326590097,0.0,0.7615192452251413,0.0
0.082252420720683,0.11609020091345908,0.16651249145591032,0.05022885215046284,0.379281962436423,0.1736374533274956,0.014924488956095687,0.0,0.0,0.0,0.0,0.0,0.0,0.0018998323475757904,0.0,0.0,0.0,0.0,0.0,0.0,0.0,0.0,0.0,0.0,0.28302394686238486,0.0,1.8181339818319224,0.0
0.03961240063717609,0.05396521423734881,0.073090452748209,0.01991342297267203,0.15799140356741706,0.0700501633584026,0.005936157339547996,0.0,0.0,0.0,0.0,0.0,0.0,4.367264347165831e-06,0.0,0.0,0.0,0.0,0.0,0.0,0.0,0.0,0.0,0.0,0.10463304046463277,0.0,0.5148879492426497,0.0
0.041064557309017743,0.053115571347760335,0.06921100024771949,0.018322772083048344,0.1462012160991962,0.06480095479572359,0.00539578185114603,0.0,0.0,0.0,0.0,0.0,0.0,0.0,0.0,0.0,0.0,0.0,0.0,0.0,0.0,0.0,0.0,0.0,0.08872738167321509,0.0,0.31645212847602433,0.0
0.04728018452034283,0.06322240282134607,0.08296103164772786,0.02285525388855755,0.1800538874612611,0.08194330819442139,0.006798983831197652,0.0,0.0,0.0,0.0,0.0,0.0,0.00019551928910098066,0.0,0.0,0.0,0.0,0.0,0.0,0.0,0.0,0.0,0.0,0.12274600441779229,0.0,0.6925016732623376,0.0
0.05532077169355097,0.07177672001654467,0.091964298661066,0.02359818187777957,0.1907884155663845,0.08373323714892236,0.006843415760507036,0.0,0.0,0.0,0.0,0.0,0.0,0.0,0.0,0.0,0.0,0.0,0.0,0.0,0.0,0.0,0.0,0.0,0.10486141766261643,0.0,0.2806074801431971,0.0
0.05832779507436675,0.07966062286717317,0.10579005547950773,0.0295966538599437,0.23455582041441697,0.10516734897245325,0.008776512251807266,0.0,0.0,0.0,0.0,0.0,0.0,0.00034676524939346564,0.0,0.0,0.0,0.0,0.0,0.0,0.0,0.0,0.0,0.0,0.1523723153839172,0.0,0.9099125551811406,0.0
0.07111720030193425,0.09374425825074217,0.12403784658313147,0.03263030107412837,0.2564741628899654,0.11602437689820388,0.009529669110531647,0.0,0.0,0.0,0.0,0.0,0.0,0.0,0.0,0.0,0.0,0.0,0.0,0.0,0.0,0.0,0.0,0.0,0.16044878389594153,0.0,0.46891816818608767,0.0
0.12524476894581935,0.1691957230393373,0.22676112634419063,0.06289310773401793,0.49594850419338027,0.22286988913100686,0.018560929653691043,0.0,0.0,0.0,0.0,0.0,0.0,0.0002670068574301783,0.0,0.0,0.0,0.0,0.0,0.0,0.0,0.0,0.0,0.0,0.31849536301459475,0.0,1.7761717580400371,0.0
0.030533678220516072,0.04058795667280484,0.05325826693314989,0.014022336842464983,0.11268407729507496,0.049697884867931905,0.004164922210682636,0.0,0.0,0.0,0.0,0.0,0.0,0.0,0.0,0.0,0.0,0.0,0.0,0.0,0.0,0.0,0.0,0.0,0.06826361473531294,0.0,0.2160015342654433,0.0
0.052218280880787546,0.06933554006417623,0.09176908894492336,0.024213480253756275,0.19414474777172339,0.08895544899680947,0.007101707252502235,0.0,0.0,0.0,0.0,0.0,0.0,0.0,0.0,0.0,0.0,0.0,0.0,0.0,0.0,0.0,0.0,0.0,0.11761601499463217,0.0,0.5222562272040341,0.0
0.07270751399254742,0.09868191422281024,0.13398626311574707,0.03705485755485829,0.2922128506294292,0.13074947248932084,0.01102699819583133,0.0,0.0,0.0,0.0,0.0,0.0,0.0001117463032695371,0.0,0.0,0.0,0.0,0.0,0.0,0.0,0.0,0.0,0.0,0.19757557310578933,0.0,1.0505781740092612,0.0
0.0682566172905973,0.09188914428720944,0.12343607625007995,0.033445548046722916,0.2647902035837271,0.11742962798586853,0.009917947142410137,0.0,0.0,0.0,0.0,0.0,0.0,0.0,0.0,0.0,0.0,0.0,0.0,0.0,0.0,0.0,0.0,0.0,0.17984077341685764,0.0,0.6743919644444241,0.0
0.11527546259031682,0.15580676510006233,0.20705397149837862,0.05584009151526068,0.4448661262406228,0.20003980091249246,0.01646877970086226,0.0,0.0,0.0,0.0,0.0,0.0,0.0,0.0,0.0,0.0,0.0,0.0,0.0,0.0,0.0,0.0,0.0,0.30251985111504937,0.0,1.2333235961222058,0.0
0.05156829085154761,0.06635316659730271,0.08217166579401675,0.019741448056908008,0.16609923548102012,0.07172248617474689,0.005685299909759781,0.0,0.0,0.0,0.0,0.0,0.0,0.0,0.0,0.0,0.0,0.0,0.0,0.0,0.0,0.0,0.0,0.0,0.07482586774613954,0.0,0.15949932493256824,0.0
0.08839704922900155,0.1174123015062041,0.15146401782428526,0.03890910109415774,0.32177164910832295,0.14003276100039255,0.011654015565969657,0.0,0.0,0.0,0.0,0.0,0.0,0.0,0.0,0.0,0.0,0.0,0.0,0.0,0.0,0.0,0.0,0.0,0.1930961266965754,0.0,0.9066091461764997,0.0
0.009521660930828308,0.012754187118741647,0.016969778814650303,0.004493204484180019,0.036526972968417476,0.016092533347360292,0.001351337946105807,0.0,0.0,0.0,0.0,0.0,0.0,0.0,0.0,0.0,0.0,0.0,0.0,0.0,0.0,0.0,0.0,0.0,0.02328684445870201,0.0,0.10407171754268844,0.0
0.0938193833590605,0.12790740491029448,0.17968182802577734,0.050664568706292074,0.39667877537037693,0.1821751193882816,0.015028416800732816,0.0,0.0,0.0,0.0,0.0,0.0,0.0003001738874384689,0.0,0.0,0.0,0.0,0.0,0.0,0.0,0.0,0.0,0.0,0.26239661653165947,0.0,1.6977261043635088,0.0
0.03239834989623793,0.042102683197027244,0.05457251730564971,0.013438519070218636,0.10898817890778942,0.046643892172646945,0.003822812124749329,0.0,0.0,0.0,0.0,0.0,0.0,0.0,0.0,0.0,0.0,0.0,0.0,0.0,0.0,0.0,0.0,0.0,0.05799282636587874,0.0,0.06923488626215138,0.0
0.0681646381638162,0.09335264280840583,0.12818728507139646,0.03657706552652912,0.288113821761364,0.12986028237481795,0.011035546637030174,0.0,0.0,0.0,0.0,0.0,0.0,0.000790932250610308,0.0,0.0,0.0,0.0,0.0,0.0,0.0,0.0,0.0,0.0,0.20417404785504753,0.0,1.25941311024458,0.0
0.05218999970467628,0.07169693490172976,0.09505478747718527,0.026036382642904046,0.20335083552091998,0.09263583412672743,0.007672192291928907,0.0,0.0,0.0,0.0,0.0,0.0,3.778086394510939e-05,0.0,0.0,0.0,0.0,0.0,0.0,0.0,0.0,0.0,0.0,0.1414149585371077,0.0,0.6442811391004661,0.0
0.11611958662148632,0.15440736104754552,0.2050863977681941,0.055067727715189314,0.44473309856563115,0.19696859704773512,0.01664508973291327,0.0,0.0,0.0,0.0,0.0,0.0,7.39471876397906e-05,0.0,0.0,0.0,0.0,0.0,0.0,0.0,0.0,0.0,0.0,0.2833205639157995,0.0,1.2761057792894823,0.0
0.1502167191598819,0.19504873035703443,0.24626437374985474,0.06264265391951761,0.500015408162567,0.22303639342540812,0.017823635903822608,0.0,0.0,0.0,0.0,0.0,0.0,0.0,0.0,0.0,0.0,0.0,0.0,0.0,0.0,0.0,0.0,0.0,0.27039549855719835,0.0,0.812002051485774,0.0
0.1250812357737759,0.16355376845594827,0.20964565456049372,0.05346846989891945,0.4282880713429002,0.19288638102108946,0.015750692632517885,0.0,0.0,0.0,0.0,0.0,0.0,0.0,0.0,0.0,0.0,0.0,0.0,0.0,0.0,0.0,0.0,0.0,0.2589090796293591,0.0,0.778903883824733,0.0
0.059326166532575664,0.07723820845388457,0.09854087563348905,0.02446107650247231,0.19715461996732772,0.08645767318293192,0.007039408809446574,0.0,0.0,0.0,0.0,0.0,0.0,0.0,0.0,0.0,0.0,0.0,0.0,0.0,0.0,0.0,0.0,0.0,0.1105180347176993,0.0,0.22489355609280068,0.0
0.0793735288815206,0.10246129433888049,0.12953473581690014,0.031774108614806285,0.259562256416925,0.11184538224451504,0.008908000767140482,0.0,0.0,0.0,0.0,0.0,0.0,0.0,0.0,0.0,0.0,0.0,0.0,0.0,0.0,0.0,0.0,0.0,0.1374163422969849,0.0,0.04728496924224857,0.0
0.06665349568990116,0.08700058709705095,0.11085281841282431,0.028320688969592344,0.2293353755527073,0.10170700072295769,0.008336879028420847,0.0,0.0,0.0,0.0,0.0,0.0,0.0,0.0,0.0,0.0,0.0,0.0,0.0,0.0,0.0,0.0,0.0,0.1390597472902104,0.0,0.4241708001025026,0.0
0.06658600689303378,0.09226009313614021,0.12713234611781413,0.03666740744618576,0.2862458767435421,0.1295721648455781,0.011042375229571128,0.0,0.0,0.0,0.0,0.0,0.0,0.0010872182273556196,0.0,0.0,0.0,0.0,0.0,0.0,0.0,0.0,0.0,0.0,0.20123405860282076,0.0,1.3142643739706141,0.0
0.037746638854318636,0.050602261673226345,0.0670957997290475,0.018075074512736652,0.14526057534101727,0.06177457078223669,0.005310344070881933,0.0,0.0,0.0,0.0,0.0,0.0,0.0,0.0,0.0,0.0,0.0,0.0,0.0,0.0,0.0,0.0,0.0,0.08918252451567224,0.0,0.38397428038439013,0.0
0.05819431031921782,0.0785656970045005,0.10400435856453207,0.028104773841065134,0.2263427099530739,0.1006574706170933,0.008377069795996256,0.0,0.0,0.0,0.0,0.0,0.0,1.2900964866651567e-05,0.0,0.0,0.0,0.0,0.0,0.0,0.0,0.0,0.0,0.0,0.1479857923171601,0.0,0.6956574658758404,0.0
0.0633068769373411,0.08632608727673345,0.11615574804579612,0.03308540796917549,0.25746937370902645,0.11723594194975198,0.0099360397926942,0.0,0.0,0.0,0.0,0.0,0.0,0.0007794518669693569,0.0,0.0,0.0,0.0,0.0,0.0,0.0,0.0,0.0,0.0,0.19119162117217642,0.0,1.0571622510244145,0.0
0.04658566201932085,0.060476362581917,0.07945095805614756,0.020600156660737508,0.16496833070631678,0.07336534866893489,0.00596651282580417,0.0,0.0,0.0,0.0,0.0,0.0,0.0,0.0,0.0,0.0,0.0,0.0,0.0,0.0,0.0,0.0,0.0,0.096251890658077,0.0,0.35314481149290283,0.0
0.06334778064824764,0.08522709769213657,0.11681486499799776,0.031978632217425015,0.25387222329534853,0.11404013521459158,0.009545840262140916,0.0,0.0,0.0,0.0,0.0,0.0,2.5186084002353436e-05,0.0,0.0,0.0,0.0,0.0,0.0,0.0,0.0,0.0,0.0,0.16867443080202182,0.0,0.7084430299966064,0.0
0.04798025751869102,0.06414592136026169,0.08419421321801449,0.022346677548699467,0.17941411018377587,0.0797752331588802,0.00667936940339845,0.0,0.0,0.0,0.0,0.0,0.0,0.0,0.0,0.0,0.0,0.0,0.0,0.0,0.0,0.0,0.0,0.0,0.11540905823011939,0.0,0.5747804906319363,0.0
0.06753426578545456,0.09061955370523445,0.12375034423041381,0.03352768639217972,0.267238277828878,0.11905246490600604,0.009946673116390496,0.0,0.0,0.0,0.0,0.0,0.0,0.0,0.0,0.0,0.0,0.0,0.0,0.0,0.0,0.0,0.0,0.0,0.17248503504962542,0.0,0.6998016440170636,0.0
0.08537378292017483,0.11620357048732563,0.15653993294925994,0.04246511219965712,0.33849772813392287,0.15173416810695622,0.012540405720578698,0.0,0.0,0.0,0.0,0.0,0.0,0.0,0.0,0.0,0.0,0.0,0.0,0.0,0.0,0.0,0.0,0.0,0.22173639610061624,0.0,0.8989996618587779,0.0
0.05584451645354411,0.07470913680978887,0.09864860286256001,0.026255216178862156,0.21619361980509727,0.094158247784658,0.007928641953465085,0.0,0.0,0.0,0.0,0.0,0.0,0.0,0.0,0.0,0.0,0.0,0.0,0.0,0.0,0.0,0.0,0.0,0.14160178311699706,0.0,0.5571507483971997,0.0
0.053399739156859506,0.0730367684786417,0.09894783162477401,0.028264543998798596,0.21948093746737826,0.10029002369246715,0.008374148050702157,0.0,0.0,0.0,0.0,0.0,0.0,0.0006204339555580343,0.0,0.0,0.0,0.0,0.0,0.0,0.0,0.0,0.0,0.0,0.16230123517975414,0.0,0.9109406265965699,0.0
0.034328483796294516,0.045774810766570126,0.05856319118211454,0.01486365347418884,0.12150959900398459,0.05273695794847762,0.004326957622641594,0.0,0.0,0.0,0.0,0.0,0.0,0.0,0.0,0.0,0.0,0.0,0.0,0.0,0.0,0.0,0.0,0.0,0.07404078357661488,0.0,0.23843847989846598,0.0
0.1041546924466897,0.1343290587430227,0.16804886079614267,0.04150139126599643,0.33877254078982527,0.14707699524209084,0.011986992035172811,0.0,0.0,0.0,0.0,0.0,0.0,0.0,0.0,0.0,0.0,0.0,0.0,0.0,0.0,0.0,0.0,0.0,0.17995436784862426,0.0,0.5975958036953445,0.0
0.06922278503273871,0.09409489640040179,0.1264716547753572,0.03512342635590871,0.2768810751586189,0.12344143087790284,0.010322063512350202,0.0,0.0,0.0,0.0,0.0,0.0,0.0002027330064654781,0.0,0.0,0.0,0.0,0.0,0.0,0.0,0.0,0.0,0.0,0.1898886628368652,0.0,0.8941436238377092,0.0
0.06544729132434773,0.08347346609317183,0.10250020388154832,0.02374196464660824,0.19840333791561504,0.0839053006075101,0.006652364317566509,0.0,0.0,0.0,0.0,0.0,0.0,0.0,0.0,0.0,0.0,0.0,0.0,0.0,0.0,0.0,0.0,0.0,0.08589802459371683,0.0,0.0,0.0
0.031446441057207536,0.041549854921662764,0.05447446584966836,0.014391895187910364,0.11474570527075968,0.05091639671535747,0.004179637447735297,0.0,0.0,0.0,0.0,0.0,0.0,0.0,0.0,0.0,0.0,0.0,0.0,0.0,0.0,0.0,0.0,0.0,0.0654491635833225,0.0,0.32042655105910123,0.0
0.052253200855972314,0.06966887280692893,0.09142242682298811,0.02427009628980029,0.19297036988194555,0.08609489683176003,0.0071653161244160015,0.0,0.0,0.0,0.0,0.0,0.0,0.0,0.0,0.0,0.0,0.0,0.0,0.0,0.0,0.0,0.0,0.0,0.12311991517299803,0.0,0.5391620786612197,0.0
0.057343513677684844,0.07533296659410575,0.09715063487657526,0.025203091556907663,0.2057220637643645,0.09185567701552966,0.007494281283977449,0.0,0.0,0.0,0.0,0.0,0.0,0.0,0.0,0.0,0.0,0.0,0.0,0.0,0.0,0.0,0.0,0.0,0.1256574025018909,0.0,0.5636266330792733,0.0
0.09677487577345863,0.13031781662427588,0.17456753857023286,0.04794511995910316,0.37671966982575145,0.1678492221287134,0.0142491198236064,0.0,0.0,0.0,0.0,0.0,0.0,3.0031797445339005e-05,0.0,0.0,0.0,0.0,0.0,0.0,0.0,0.0,0.0,0.0,0.2503233146328392,0.0,1.2307107012347172,0.0
0.07008397540556115,0.09286919635400448,0.1210959566562959,0.0314879016351608,0.2577680293854391,0.11138018653371809,0.009310774735736533,0.0,0.0,0.0,0.0,0.0,0.0,0.0,0.0,0.0,0.0,0.0,0.0,0.0,0.0,0.0,0.0,0.0,0.1699124474315076,0.0,0.5016289856048162,0.0
0.05334431325172064,0.07153762696341581,0.09554464966625005,0.02568631558393387,0.20498710921393984,0.09329966172804718,0.007604285292310174,0.0,0.0,0.0,0.0,0.0,0.0,0.0,0.0,0.0,0.0,0.0,0.0,0.0,0.0,0.0,0.0,0.0,0.1379720334146489,0.0,0.5738675839420118,0.0
0.0419041005854332,0.05512640693129705,0.07036469687577813,0.018385704881143824,0.14736877979654112,0.06336673709965007,0.00539546431231301,0.0,0.0,0.0,0.0,0.0,0.0,0.0,0.0,0.0,0.0,0.0,0.0,0.0,0.0,0.0,0.0,0.0,0.08884655155976923,0.0,0.3304672368253226,0.0
0.0724416477849268,0.09525257711500268,0.12644273025084954,0.033244121768710944,0.2707767016753251,0.12209513200733937,0.00999231313253507,0.0,0.0,0.0,0.0,0.0,0.0,0.0,0.0,0.0,0.0,0.0,0.0,0.0,0.0,0.0,0.0,0.0,0.1734738681128664,0.0,0.6349089526062249,0.0
0.08111754619997832,0.10719561856198889,0.13562821590523522,0.03468241018903112,0.28360510983570925,0.12289604324634858,0.010141246061892843,0.0,0.0,0.0,0.0,0.0,0.0,0.0,0.0,0.0,0.0,0.0,0.0,0.0,0.0,0.0,0.0,0.0,0.17490430530108175,0.0,0.6091601364251203,0.0
0.07699661215181974,0.10521260727502438,0.14188398680863273,0.03880440218440606,0.3060214772183379,0.13883649572110907,0.011533574464719653,0.0,0.0,0.0,0.0,0.0,0.0,1.4885924495389464e-05,0.0,0.0,0.0,0.0,0.0,0.0,0.0,0.0,0.0,0.0,0.20035046743261956,0.0,0.8954494959646562,0.0
0.0830964014989583,0.11413709236734407,0.15903846925321932,0.04577724645228699,0.35591306696322483,0.15766601141847061,0.013480327385667866,0.0,0.0,0.0,0.0,0.0,0.0,0.0006067669680412784,0.0,0.0,0.0,0.0,0.0,0.0,0.0,0.0,0.0,0.0,0.2540908454233675,0.0,1.4384948062921727,0.0
0.11315864967018069,0.15337190304315756,0.20683694750088863,0.05624576567312898,0.45180532899620024,0.20057745257252205,0.016959425742741136,0.0,0.0,0.0,0.0,0.0,0.0,0.0001808747574893557,0.0,0.0,0.0,0.0,0.0,0.0,0.0,0.0,0.0,0.0,0.300233246270271,0.0,1.6026285598238814,0.0
0.06554739301200437,0.08803587506114616,0.11996506511813097,0.033284207616402654,0.2633564769610869,0.1171085424415157,0.00987921795785523,0.0,0.0,0.0,0.0,0.0,0.0,0.00016735554093074388,0.0,0.0,0.0,0.0,0.0,0.0,0.0,0.0,0.0,0.0,0.18666920534862233,0.0,0.9755438739475919,0.0
0.060495138984952616,0.08142474577399715,0.10928431778571213,0.029533509477408283,0.23560606706973738,0.10539682596165677,0.008760303484693433,0.0,0.0,0.0,0.0,0.0,0.0,0.0,0.0,0.0,0.0,0.0,0.0,0.0,0.0,0.0,0.0,0.0,0.1488898602833123,0.0,0.7436086950573536,0.0
0.07020413507507976,0.09539908648491276,0.1287682929224459,0.03510473903017988,0.27657884502768104,0.12366206555483497,0.010342664906429036,0.0,0.0,0.0,0.0,0.0,0.0,0.0,0.0,0.0,0.0,0.0,0.0,0.0,0.0,0.0,0.0,0.0,0.18411260198981758,0.0,0.7096804355698082,0.0
0.04039716122922944,0.05406458623527387,0.07301713259824619,0.020169451512392286,0.15803749868938063,0.07177069819621366,0.006034049555565582,0.0,0.0,0.0,0.0,0.0,0.0,7.563627291155905e-05,0.0,0.0,0.0,0.0,0.0,0.0,0.0,0.0,0.0,0.0,0.11016057113372427,0.0,0.5491140731368306,0.0
0.005456439243219126,0.0072511412343719715,0.009516579258027505,0.00249635163863,0.019974983590891646,0.008840186576355227,0.0007356434130344511,0.0,0.0,0.0,0.0,0.0,0.0,0.0,0.0,0.0,0.0,0.0,0.0,0.0,0.0,0.0,0.0,0.0,0.01265596732260036,0.0,0.04061338446222939,0.0
0.06163600382264618,0.08206651799523416,0.10776985280697611,0.02867314669420313,0.2289134082256777,0.10110669502473636,0.008342545713743222,0.0,0.0,0.0,0.0,0.0,0.0,0.0,0.0,0.0,0.0,0.0,0.0,0.0,0.0,0.0,0.0,0.0,0.1520165641824211,0.0,0.5386377380048706,0.0
0.05876443620947086,0.08105343816946983,0.10929957543411496,0.030385113382246892,0.23850500694703325,0.1067614938287545,0.008956569115453639,0.0,0.0,0.0,0.0,0.0,0.0,0.00013822772109055295,0.0,0.0,0.0,0.0,0.0,0.0,0.0,0.0,0.0,0.0,0.16586881114509247,0.0,0.8206630893327848,0.0
0.07909466499579668,0.10446746036436456,0.1334298771171456,0.03431277953668891,0.2813564460166704,0.12334553545531295,0.010200539986148659,0.0,0.0,0.0,0.0,0.0,0.0,0.0,0.0,0.0,0.0,0.0,0.0,0.0,0.0,0.0,0.0,0.0,0.17942230768547426,0.0,0.7235049569503883,0.0
0.07988416949685234,0.1080694583629328,0.14061243093129625,0.03710043278008331,0.29437452595206587,0.13354975666702132,0.01098267960545572,0.0,0.0,0.0,0.0,0.0,0.0,0.0,0.0,0.0,0.0,0.0,0.0,0.0,0.0,0.0,0.0,0.0,0.19593780292488924,0.0,0.807771873976832,0.0
0.08141291118843418,0.11077630818295407,0.1509766140432409,0.04282164747393505,0.3331441851376762,0.15018046215038652,0.01264171909646616,0.0,0.0,0.0,0.0,0.0,0.0,0.0006020783886679316,0.0,0.0,0.0,0.0,0.0,0.0,0.0,0.0,0.0,0.0,0.23089595375588842,0.0,1.2529396300595683,0.0
0.07652469882540225,0.09940579436159316,0.12790393413563614,0.03257417092707724,0.26471100346598947,0.11616589596755435,0.00947069229606685,0.0,0.0,0.0,0.0,0.0,0.0,0.0,0.0,0.0,0.0,0.0,0.0,0.0,0.0,0.0,0.0,0.0,0.15989766614045822,0.0,0.36098907267416014,0.0
0.12667448151517072,0.17127345881591616,0.22970856313415186,0.06342411067810635,0.4952183278688475,0.224666667663213,0.018656146030704642,0.0,0.0,0.0,0.0,0.0,0.0,9.310475001505293e-05,0.0,0.0,0.0,0.0,0.0,0.0,0.0,0.0,0.0,0.0,0.3245897179476434,0.0,1.5535393922489853,0.0
0.07277148277831384,0.09420869399865026,0.11796266923948331,0.02877386818378693,0.23641799205355116,0.10370040511178431,0.00836441364885422,0.0,0.0,0.0,0.0,0.0,0.0,0.0,0.0,0.0,0.0,0.0,0.0,0.0,0.0,0.0,0.0,0.0,0.11598591473093295,0.0,0.237427960125789,0.0
0.04645554476974247,0.0635420570260081,0.08750663848951787,0.02476257227013531,0.1954961785973923,0.08772596517428027,0.00742079293982325,0.0,0.0,0.0,0.0,0.0,0.0,0.00042930596439256114,0.0,0.0,0.0,0.0,0.0,0.0,0.0,0.0,0.0,0.0,0.13842233826138653,0.0,0.8496041010960778,0.0
0.10610503049868801,0.14014487219586827,0.18388668749716697,0.049258556452100546,0.3888476193225616,0.17384519658938813,0.014439524359446657,0.0,0.0,0.0,0.0,0.0,0.0,0.0,0.0,0.0,0.0,0.0,0.0,0.0,0.0,0.0,0.0,0.0,0.2553855466942297,0.0,1.193054982546444,0.0
0.012082503949852776,0.0159371074796107,0.020711067914220907,0.005441988261740829,0.044241580080049935,0.019472257340912732,0.0016048103951977332,0.0,0.0,0.0,0.0,0.0,0.0,0.0,0.0,0.0,0.0,0.0,0.0,0.0,0.0,0.0,0.0,0.0,0.027463098905177296,0.0,0.1217655289871719,0.0
0.05790709307156679,0.07673125974173954,0.09681676141880068,0.024049011449407437,0.20163606504892284,0.08322938360862438,0.006989870348104559,0.0,0.0,0.0,0.0,0.0,0.0,0.0,0.0,0.0,0.0,0.0,0.0,0.0,0.0,0.0,0.0,0.0,0.10376773043232496,0.0,0.3375863281183552,0.0
0.06329142801218503,0.08387784956899522,0.1091723420363799,0.02888931126207796,0.23002849318458243,0.09917522601260403,0.008427992346503262,0.0,0.0,0.0,0.0,0.0,0.0,0.0,0.0,0.0,0.0,0.0,0.0,0.0,0.0,0.0,0.0,0.0,0.14329158190154603,0.0,0.5194848398910165,0.0
0.10965874328366657,0.14443770722323918,0.183979305456899,0.046899395776045495,0.38487072310558895,0.16775780122525913,0.013694449158871955,0.0,0.0,0.0,0.0,0.0,0.0,0.0,0.0,0.0,0.0,0.0,0.0,0.0,0.0,0.0,0.0,0.0,0.23634421188149754,0.0,0.6001242119230829,0.0
0.08900378121315083,0.11762076033087478,0.15175325714990862,0.03956315098319191,0.32415099856604984,0.14226945083531295,0.011887267619631997,0.0,0.0,0.0,0.0,0.0,0.0,0.0,0.0,0.0,0.0,0.0,0.0,0.0,0.0,0.0,0.0,0.0,0.1960295786177241,0.0,0.8029767847437533,0.0
0.07555525476289011,0.09994036954593405,0.12978222230786732,0.03361920813771371,0.2725894496892488,0.1205197072748434,0.009955168503828436,0.0,0.0,0.0,0.0,0.0,0.0,0.0,0.0,0.0,0.0,0.0,0.0,0.0,0.0,0.0,0.0,0.0,0.17721857047915296,0.0,0.6279912400243292,0.0
0.05933404901971636,0.07960911542273733,0.104106514054631,0.02759080736555088,0.2229433780368479,0.09756344236666266,0.008295371000443587,0.0,0.0,0.0,0.0,0.0,0.0,0.0,0.0,0.0,0.0,0.0,0.0,0.0,0.0,0.0,0.0,0.0,0.1367968094526538,0.0,0.5380005580240605,0.0
0.06937902819677237,0.09494372295259562,0.1329785330830129,0.03685951556104881,0.2930170877398759,0.13106335374055472,0.011044878499041854,0.0,0.0,0.0,0.0,0.0,0.0,1.3177904136679846e-05,0.0,0.0,0.0,0.0,0.0,0.0,0.0,0.0,0.0,0.0,0.19779064314996408,0.0,0.915674007480683,0.0
